1
737756.145814034	0	0	-96	-348	-32	195	18	-153	0	0	0	439	-3009	-2069	345	0.1106	-0.5465	-0.0194	-0.8286	1	-1	3	1	147	-31	912	5.56	-23.24	12.52	541	-2429	1118	551	0.1081	-0.0798	0.0185	-0.9899	
737756.145814578	0	0	-96	-348	-32	195	18	-153	0	0	0	439	-3009	-2069	345	0.1106	-0.5465	-0.0194	-0.8286	1	-1	3	1	147	-31	912	5.56	-23.24	12.52	541	-2429	1118	551	0.1081	-0.0798	0.0185	-0.9899	
737756.145815121	0	0	4	142	21	531	91	-465	0	0	0	174	-2330	-2879	360	0.0199	-0.8198	-0.0496	-0.5686	1	-2	-3	1	119	-25	990	4.96	-24.44	12.82	541	-2429	1118	538	0.1023	-0.0605	0.0186	-0.9919	
737756.145815666	0	0	-26	196	43	476	93	-368	0	0	0	159	-2794	-2534	356	0.009	-0.8105	-0.0487	-0.5821	1	-2	-9	-4	130	2	977	5.41	-23.39	11.47	541	-2429	1118	536	0.1035	-0.0604	0.0131	-0.9919	
737756.145816207	0	0	77	257	44	373	36	-256	0	0	0	174	-3079	-1830	355	0.0351	-0.7798	-0.041	-0.6223	1	-1	1	8	104	-44	959	4.51	-23.39	12.67	541	-2429	1118	530	0.1047	-0.0645	0.0054	-0.9916	
737756.145816927	0	0	2	282	43	298	53	-230	0	0	0	458	-3274	-1305	354	0.0465	-0.7599	-0.0424	-0.6455	1	6	-10	0	128	-45	909	6.46	-23.24	12.82	541	-2429	1118	531	0.1102	-0.0656	0.0147	-0.9908	
737756.145817471	0	0	40	370	52	-91	-182	809	0	0	0	791	-3582	0	352	0.084	-0.6703	0.0048	-0.7349	1	6	-10	0	128	-45	909	6.46	-23.24	12.82	541	-2429	1118	531	0.1102	-0.0656	0.0147	-0.9908	
737756.145818015	0	0	-33	299	39	78	-401	1048	0	0	0	911	-3522	838	357	0.1063	-0.5701	0.0335	-0.8118	1	6	-10	0	128	-45	909	6.46	-23.24	12.82	541	-2429	1118	531	0.1102	-0.0656	0.0147	-0.9908	
737756.145818552	0	0	-33	299	39	78	-401	1048	0	0	0	911	-3522	838	357	0.1063	-0.5701	0.0335	-0.8118	1	6	-10	0	128	-45	909	6.46	-23.24	12.82	541	-2429	1118	531	0.1102	-0.0656	0.0147	-0.9908	
737756.145818974	0	0	37	140	75	34	-609	2204	0	0	0	1293	-2862	1709	359	0.1365	-0.4293	0.0595	-0.8888	1	6	-10	0	128	-45	909	6.46	-23.24	12.82	541	-2429	1118	531	0.1102	-0.0656	0.0147	-0.9908	
737756.145819442	0	0	48	124	6	91	0	1897	0	0	0	1338	-2667	2113	359	0.164	-0.3014	0.0554	-0.9358	1	8	-3	0	126	-29	1011	6.61	-23.69	12.07	541	-2429	1118	537	0.1114	-0.0673	0.0118	-0.9906	
737756.145819985	0	0	80	47	38	148	-332	1658	0	0	0	1394	-2256	2340	357	0.1877	-0.2105	0.0509	-0.9562	1	7	-7	-3	132	-2	982	5.11	-23.39	12.07	541	-2429	1118	537	0.1115	-0.0678	0.007	-0.9906	
737756.145820527	0	0	56	36	5	157	18	1466	0	0	0	1199	-2181	2625	348	0.2049	-0.1023	0.0242	-0.9719	1	2	-2	4	142	-7	945	4.81	-22.79	12.37	541	-2429	1118	531	0.1098	-0.0734	-0.004	-0.9904	
737756.145821071	0	0	-43	-44	9	138	-145	1204	0	0	0	1154	-2226	2760	349	0.2128	-0.0794	0.0261	-0.9726	1	11	-12	2	151	-25	932	4.66	-22.94	11.92	541	-2429	1118	529	0.113	-0.0766	0.0015	-0.9898	
737756.145821615	0	0	-11	-25	2	125	-127	962	0	0	0	1274	-2226	2640	350	0.2163	-0.082	0.0435	-0.971	1	11	-7	0	136	-30	948	4.36	-23.54	11.62	541	-2429	1118	526	0.1136	-0.0772	0.0018	-0.9897	
737756.145822159	0	0	40	-5	-6	95	-13	1130	0	0	0	1169	-2211	2655	346	0.2183	-0.0599	0.0151	-0.973	1	-5	6	4	144	-16	976	6.01	-23.69	12.07	541	-2429	1118	516	0.1132	-0.0749	0.0007	-0.9899	
737756.145822703	0	0	-43	-42	-2	62	-20	936	0	0	0	1079	-2241	2595	348	0.2212	-0.0474	0.0079	-0.9732	1	7	-11	2	120	-38	1006	4.51	-23.09	12.67	541	-2429	1118	499	0.1131	-0.0722	0.0018	-0.9901	
737756.145823238	0	0	-4	-12	0	102	-29	935	0	0	0	1214	-2376	2550	347	0.2198	-0.0572	0.0119	-0.973	1	6	-29	7	194	52	1000	4.81	-24.29	12.37	541	-2429	1118	463	0.1134	-0.0812	-0.0118	-0.9893	
737756.145823965	0	0	2	0	-3	116	24	941	0	0	0	1079	-2391	2595	347	0.2209	-0.0575	-0.0119	-0.9727	1	6	-28	25	171	-62	907	4.81	-24.29	12.37	556	-2354	1103	397	0.122	-0.1006	-0.0037	-0.9866	
737756.145824508	0	0	-14	-5	2	108	-13	1009	0	0	0	1034	-2406	2640	347	0.2236	-0.0548	-0.009	-0.9722	1	119	60	-7	149	-52	817	4.81	-24.29	12.37	466	-2444	1222	383	0.125	-0.0997	-0.0053	-0.9863	
737756.145824925	0	0	27	5	0	113	-46	989	0	0	0	1064	-2436	2640	346	0.2249	-0.0549	-0.0043	-0.972	1	69	44	11	45	371	1280	3.16	-24.14	13.42	466	-2444	1222	383	0.1233	-0.0574	-0.0592	-0.988	
737756.145825391	0	0	12	7	-8	110	74	1015	0	0	0	1049	-2271	2565	346	0.2244	-0.0525	-0.0231	-0.9719	1	-71	-22	6	113	29	1077	3.76	-22.64	13.72	466	-2444	1222	383	0.1232	-0.0551	-0.0584	-0.9883	
737756.145826118	0	0	11	6	-3	112	-24	1019	0	0	0	1124	-2316	2490	346	0.2301	-0.0513	-0.0067	-0.9709	1	34	14	14	216	90	890	4.81	-23.39	13.27	466	-2444	1222	383	0.1222	-0.0986	-0.0529	-0.9853	
737756.145826662	0	0	11	9	-3	115	90	1031	0	0	0	1034	-2466	2550	346	0.226	-0.0449	-0.0313	-0.9717	1	-17	-13	0	107	84	1060	4.96	-23.54	12.22	466	-2444	1222	383	0.1259	-0.0765	-0.0488	-0.987	
737756.145827206	0	0	-26	-6	7	96	2	1076	0	0	0	1109	-2331	2625	346	0.2364	-0.0411	-0.0203	-0.9697	1	-66	14	5	258	79	833	4.96	-24.44	13.12	466	-2444	1222	383	0.1175	-0.0894	-0.0357	-0.9875	
737756.145827749	0	0	8	1	4	119	-2	1020	0	0	0	1079	-2451	2535	345	0.2374	-0.0507	-0.0123	-0.9692	1	24	11	19	102	-85	933	6.61	-23.39	12.07	466	-2444	1222	383	0.1317	-0.0918	-0.0083	-0.9861	
737756.145828467	0	0	-17	-5	9	108	10	1061	0	0	0	960	-2331	2655	345	0.241	-0.0501	-0.0163	-0.9682	1	-34	3	0	170	44	925	4.96	-22.64	12.22	466	-2444	1222	383	0.1268	-0.0761	-0.013	-0.9881	
737756.145829011	0	0	7	0	2	110	-46	1007	0	0	0	1064	-2286	2610	345	0.243	-0.0594	0.0024	-0.9674	1	-20	17	5	92	15	1188	6.31	-22.79	12.37	466	-2444	1222	383	0.1304	-0.0683	-0.0019	-0.9883	
737756.145829555	0	0	0	4	1	118	6	1005	0	0	0	1019	-2331	2595	346	0.2422	-0.0581	-0.0099	-0.9676	1	-55	-16	-21	506	-581	142	6.76	-22.94	11.92	466	-2444	1222	419	0.1281	-0.0679	0.0166	-0.988	
737756.145830098	0	0	-10	-3	4	105	-51	1053	0	0	0	1079	-2271	2595	347	0.2447	-0.0536	-0.0027	-0.9673	1	53	-13	-3	121	-23	1119	6.76	-22.94	11.92	676	-2234	1282	448	0.1291	-0.0637	0.0037	-0.9888	
737756.145830515	0	0	9	4	-1	116	-8	988	0	0	0	989	-2301	2655	345	0.2431	-0.0559	-0.003	-0.9675	1	41	-29	-4	193	125	945	6.76	-22.94	11.92	631	-2339	1207	485	0.1288	-0.0753	-0.0172	-0.9878	
737756.145830988	0	0	-5	5	0	105	16	1049	0	0	0	1109	-2301	2535	346	0.2404	-0.0516	-0.0133	-0.9684	1	-19	25	2	41	-143	994	6.76	-22.94	11.92	556	-2354	1192	532	0.1307	-0.0702	-0.0023	-0.988	
737756.145831531	0	0	-7	-2	-1	93	-34	1047	0	0	0	1064	-2316	2640	347	0.2402	-0.0492	-0.0008	-0.9686	1	12	-5	9	113	-7	928	5.56	-24.14	11.92	556	-2354	1192	563	0.1265	-0.0714	0.0138	-0.9885	
737756.145832252	0	0	3	0	1	110	-19	1010	0	0	0	945	-2226	2640	346	0.2405	-0.0494	-0.0092	-0.9685	1	-16	12	0	199	5	976	5.71	-22.79	12.67	556	-2354	1192	590	0.1295	-0.0767	-0.0102	-0.9877	
737756.145832796	0	0	-11	2	-5	81	1	1165	0	0	0	1139	-2211	2565	347	0.2396	-0.0438	-0.0035	-0.969	1	5	0	7	132	-26	951	6.31	-23.69	12.07	556	-2354	1192	599	0.1316	-0.0732	-0.0069	-0.9877	
737756.14583334	0	0	5	-2	-3	-4	-45	1425	0	0	0	1094	-2256	2730	348	0.238	-0.023	0.0014	-0.9701	1	4	-5	-1	141	-4	985	6.16	-22.34	12.82	556	-2354	1192	598	0.1329	-0.073	-0.0078	-0.9876	
737756.145833882	0	0	-23	-71	-3	-131	137	2313	0	0	0	1124	-2346	2640	350	0.2315	-0.0022	-0.0071	-0.9719	1	-5	6	4	139	27	975	6.91	-22.19	13.27	556	-2354	1192	594	0.1346	-0.0711	-0.0145	-0.9874	
737756.145834418	0	0	36	-207	9	-59	-84	2195	0	0	0	1079	-2571	2355	353	0.2309	-0.0413	-0.0124	-0.9711	1	9	-14	-1	135	36	954	6.46	-22.94	11.62	556	-2354	1192	583	0.1368	-0.0678	-0.015	-0.9873	
737756.145835145	0	0	43	-347	34	-227	123	2167	0	0	0	735	-3065	1740	349	0.2254	-0.0921	-0.0576	-0.9671	1	-4	5	7	160	41	941	5.41	-22.49	13.27	556	-2354	1192	574	0.1372	-0.0769	-0.029	-0.9863	
737756.145835689	0	0	-102	-524	61	-433	-174	1152	0	0	0	770	-3483	627	350	0.224	-0.1677	-0.0496	-0.9573	1	-4	4	8	153	23	966	5.26	-23.24	12.22	556	-2354	1192	571	0.1396	-0.0753	-0.0262	-0.9862	
737756.145836233	0	0	-134	-538	17	-532	-116	245	0	0	0	920	-3423	-691	352	0.2187	-0.2174	-0.0261	-0.9491	1	12	-22	7	149	3	942	5.71	-22.19	12.67	556	-2354	1192	555	0.1418	-0.0774	-0.0218	-0.9858	
737756.145836658	0	0	-134	-538	17	-532	-116	245	0	0	0	920	-3423	-691	352	0.2187	-0.2174	-0.0261	-0.9491	1	12	-22	7	149	3	942	5.71	-22.19	12.67	556	-2354	1192	555	0.1418	-0.0774	-0.0218	-0.9858	
737756.145837159	0	0	-134	-538	17	-532	-116	245	0	0	0	920	-3423	-691	352	0.2187	-0.2174	-0.0261	-0.9491	1	12	-22	7	149	3	942	5.71	-22.19	12.67	556	-2354	1192	555	0.1418	-0.0774	-0.0218	-0.9858	
737756.145837702	0	0	138	-180	-29	-683	569	-2542	0	0	0	240	-1696	-3149	369	0.1447	-0.477	-0.043	-0.864	1	1	2	2	160	-31	965	6.61	-22.79	12.37	556	-2354	1192	549	0.1445	-0.0874	-0.0069	-0.9848	
737756.145838244	0	0	-154	137	34	523	-108	-309	0	0	0	435	-1801	-3224	365	0.1184	-0.5629	-0.0291	-0.8162	1	-10	8	0	129	-33	1074	4.96	-21.74	13.12	556	-2354	1192	550	0.1443	-0.0762	0.0014	-0.9858	
737756.145838781	0	0	15	118	21	844	-259	-59	0	0	0	345	-2011	-3014	361	0.1215	-0.5549	0.0342	-0.8211	1	-1	-14	0	115	16	977	7.06	-23.09	11.18	556	-2354	1192	547	0.1423	-0.0714	-0.0075	-0.9864	
737756.145839323	0	0	12	147	-28	680	41	-441	0	0	0	210	-2565	-2549	357	0.1047	-0.5719	0.029	-0.8118	1	-9	0	0	121	6	911	5.71	-22.49	12.07	556	-2354	1192	547	0.1434	-0.0702	-0.0106	-0.9863	
737756.145839866	0	0	-5	161	0	658	90	-363	0	0	0	240	-2775	-2339	357	0.0793	-0.5804	0.0164	-0.809	1	0	-3	0	144	21	925	6.46	-22.94	13.42	556	-2354	1192	542	0.1445	-0.0699	-0.0114	-0.9861	
737756.145840411	0	0	-8	224	-3	653	-24	-60	0	0	0	269	-3177	-1874	354	0.0642	-0.57	0.0209	-0.8177	1	2	0	0	152	-4	921	6.76	-24.74	11.92	556	-2354	1192	533	0.1458	-0.0748	-0.0145	-0.9856	
737756.145840955	0	0	-20	169	34	527	129	100	0	0	0	329	-3447	-1304	355	0.0379	-0.5065	-0.0027	-0.8603	1	2	0	-2	182	19	916	6.61	-22.19	12.97	556	-2354	1192	529	0.1451	-0.0825	-0.016	-0.985	
737756.145841499	0	0	51	317	18	443	-231	9	0	0	0	509	-3536	-825	350	0.0619	-0.4795	0.0254	-0.8738	1	5	-1	-2	167	-10	962	6.46	-22.34	13.12	556	-2354	1192	521	0.148	-0.0852	-0.0122	-0.9844	
737756.145842043	0	0	38	291	5	140	119	732	0	0	0	638	-3776	25	346	0.0692	-0.3096	-0.0027	-0.9466	1	1	-1	0	171	-9	951	5.86	-22.94	13.12	556	-2354	1192	515	0.1475	-0.0869	-0.0143	-0.9843	
737756.145842577	0	0	11	330	-5	81	-159	633	0	0	0	757	-3416	925	349	0.0877	-0.1354	0.0579	-0.9843	1	-6	2	0	164	-18	963	4.66	-23.24	12.22	556	-2354	1192	513	0.1439	-0.0861	-0.0113	-0.9849	
737756.145843119	0	0	-59	252	34	-55	-344	2075	0	0	0	907	-3057	1702	349	0.0863	0.0375	0.0741	-0.992	1	-7	9	5	145	-29	934	5.86	-23.54	12.52	556	-2354	1192	507	0.1445	-0.0827	-0.0081	-0.9852	
737756.145843664	0	0	11	145	-9	-69	-212	2090	0	0	0	1087	-2817	1912	350	0.0885	0.0742	0.079	-0.9893	1	10	-7	0	145	48	969	6.91	-22.49	13.57	556	-2354	1192	499	0.1489	-0.0776	-0.0154	-0.9848	
737756.145844207	0	0	38	67	34	72	-197	1930	0	0	0	1132	-2622	2347	348	0.1017	0.0579	0.0526	-0.9908	1	-1	2	5	141	30	994	7.36	-22.34	12.22	556	-2354	1192	492	0.1518	-0.0752	-0.0257	-0.9844	
737756.145844751	0	0	38	-8	-17	117	-61	1576	0	0	0	1027	-2397	2572	346	0.1077	0.0114	0.0439	-0.9922	1	6	-2	2	171	76	944	6.31	-22.19	11.47	556	-2354	1192	490	0.1568	-0.0742	-0.0298	-0.9835	
737756.145845295	0	0	8	-16	10	178	15	1176	0	0	0	1057	-2487	2302	345	0.1205	-0.0317	0.012	-0.9913	1	8	-6	4	146	19	994	6.16	-22.64	11.92	556	-2354	1192	483	0.1601	-0.0737	-0.0307	-0.983	
737756.145845831	0	0	20	-11	1	190	-147	1071	0	0	0	1042	-2592	2467	341	0.1382	-0.0717	0.0371	-0.9862	1	-8	-2	1	175	31	927	6.61	-22.19	12.97	556	-2354	1192	478	0.1617	-0.0769	-0.026	-0.9827	
737756.145846374	0	0	-26	-31	7	211	-1	938	0	0	0	1027	-2457	2362	342	0.1434	-0.0952	0.0208	-0.984	1	13	-5	5	167	-5	928	6.31	-21.89	12.37	556	-2354	1192	472	0.1637	-0.0856	-0.024	-0.9817	
737756.145846922	0	0	-15	-11	-2	154	-83	955	0	0	0	1012	-2592	2377	342	0.1502	-0.0939	0.0377	-0.9826	1	-2	0	1	153	25	983	6.01	-22.79	13.57	556	-2354	1192	463	0.1642	-0.0841	-0.0227	-0.9817	
737756.145847459	0	0	20	-5	0	132	61	1045	0	0	0	922	-2562	2497	342	0.1533	-0.0758	-0.0006	-0.9844	1	-1	4	6	118	-5	998	6.31	-22.19	12.37	556	-2354	1192	459	0.1653	-0.0752	-0.0216	-0.9823	
737756.145847877	0	0	-31	-24	6	154	-52	889	0	0	0	1012	-2532	2407	341	0.1639	-0.0779	0.0031	-0.9825	1	12	-13	-1	122	2	1030	6.91	-21.29	12.07	556	-2354	1192	455	0.1662	-0.0703	-0.0183	-0.9826	
737756.145848341	0	0	-28	-8	2	168	-2	983	0	0	0	1072	-2772	2287	341	0.1672	-0.0874	0.011	-0.9811	1	-6	-5	-6	151	15	986	4.51	-21.89	13.27	556	-2354	1192	441	0.162	-0.0731	-0.019	-0.9831	
737756.145848884	0	0	33	8	7	165	-68	969	0	0	0	1117	-2517	2332	341	0.177	-0.0819	0.0112	-0.9799	1	-22	38	6	213	119	903	4.51	-21.89	13.27	676	-2354	1282	418	0.1592	-0.0758	-0.0337	-0.9829	
737756.145849427	0	0	-32	0	0	160	29	998	0	0	0	952	-2592	2287	340	0.1781	-0.0821	0.0018	-0.9797	1	3	-16	7	138	-68	948	4.51	-21.89	13.27	571	-2219	1297	405	0.1657	-0.0746	-0.0162	-0.9824	
737756.145849971	0	0	23	5	7	155	-86	994	0	0	0	967	-2487	2422	340	0.1855	-0.0772	0.0072	-0.9787	1	-2	-14	-2	204	49	983	5.86	-21.14	11.92	571	-2219	1297	402	0.1636	-0.0743	-0.0325	-0.9823	
737756.145850515	0	0	10	10	-1	161	1	1029	0	0	0	982	-2562	2287	340	0.187	-0.0778	0.0026	-0.9784	1	-17	15	1	164	-24	933	7.66	-22.94	11.62	571	-2219	1297	393	0.1663	-0.0757	-0.0211	-0.9821	
737756.14585099	0	0	-11	-10	8	173	-73	1012	0	0	0	1057	-2457	2452	339	0.1934	-0.081	0.0044	-0.9769	1	5	41	22	149	-73	938	7.21	-21.59	12.67	571	-2219	1297	383	0.173	-0.0833	-0.0145	-0.9804	
737756.145851526	0	0	11	8	-4	190	-41	966	0	0	0	1057	-2577	2302	339	0.193	-0.0922	0.0106	-0.976	1	50	-35	-8	97	59	1055	7.06	-22.04	14.02	571	-2219	1297	383	0.1783	-0.0565	-0.0217	-0.9813	
737756.145852068	0	0	-10	0	6	173	-1	1014	0	0	0	952	-2502	2347	340	0.1936	-0.0827	-0.0105	-0.9767	1	-17	7	0	152	10	913	6.16	-22.04	12.82	571	-2219	1297	382	0.173	-0.0697	-0.0323	-0.9811	
737756.145852796	0	0	-1	6	2	184	-58	1007	0	0	0	937	-2667	2362	340	0.1996	-0.0854	0.0057	-0.9753	1	9	-20	4	96	45	1033	6.31	-20.99	12.67	571	-2219	1297	383	0.1753	-0.0646	-0.0298	-0.9811	
737756.14585334	0	0	3	0	3	170	-25	1042	0	0	0	1117	-2517	2482	340	0.2035	-0.0805	0.0024	-0.9749	1	-10	-9	-4	148	32	868	7.21	-21.59	12.97	571	-2219	1297	383	0.175	-0.0752	-0.0292	-0.9804	
737756.145853755	0	0	-1	4	1	162	-45	1008	0	0	0	1027	-2367	2542	340	0.2049	-0.0818	0.0041	-0.9745	1	2	8	2	183	74	889	7.21	-22.49	12.37	571	-2219	1297	383	0.1739	-0.084	-0.0365	-0.9797	
737756.145854165	0	0	-7	1	1	147	-30	1071	0	0	0	1192	-2412	2467	339	0.2071	-0.0755	0.0038	-0.9746	1	-11	-4	6	106	68	996	6.91	-22.19	13.57	571	-2219	1297	383	0.1737	-0.0724	-0.0409	-0.9804	
737756.145854708	0	0	9	2	1	146	-28	1031	0	0	0	1117	-2487	2332	340	0.2111	-0.0715	0.0016	-0.974	1	-41	-6	0	108	-5	974	7.36	-21.74	12.82	571	-2219	1297	383	0.1763	-0.0677	-0.0245	-0.9808	
737756.145855435	0	0	-1	-1	0	139	-27	1043	0	0	0	1027	-2457	2452	340	0.2119	-0.07	0.0008	-0.9739	1	59	-25	-17	33	-63	1117	8.11	-20.99	11.47	571	-2219	1297	439	0.1776	-0.0659	0.0044	-0.981	
737756.145855979	0	0	0	1	-3	149	-61	970	0	0	0	1072	-2442	2497	340	0.2109	-0.0761	0.0064	-0.9737	1	-7	-1	-11	222	63	942	8.11	-20.99	11.47	661	-2189	1387	472	0.1674	-0.0777	-0.0192	-0.9818	
737756.145856523	0	0	-3	3	-1	129	24	1074	0	0	0	952	-2592	2497	340	0.2085	-0.0676	-0.0065	-0.9748	1	2	1	0	62	-11	1013	8.11	-20.99	11.47	811	-2219	1207	491	0.1709	-0.0642	-0.0151	-0.9822	
737756.145857058	0	0	0	1	-2	138	-45	1054	0	0	0	997	-2517	2362	340	0.2098	-0.0668	0.0009	-0.9746	1	-12	8	1	204	-13	910	5.71	-23.39	13.27	811	-2219	1207	526	0.1655	-0.0708	-0.0045	-0.9828	
737756.145857606	0	0	-7	-6	0	128	-8	1147	0	0	0	1027	-2367	2482	341	0.2087	-0.0607	-0.0065	-0.9752	1	-7	8	6	110	28	1007	6.91	-21.89	14.47	811	-2219	1207	535	0.1659	-0.0635	-0.0042	-0.9832	
737756.145858328	0	0	5	-10	-6	88	-65	1493	0	0	0	1087	-2487	2362	341	0.2065	-0.0533	0.0105	-0.9761	1	2	0	4	191	-9	958	7.51	-21.59	12.07	811	-2219	1207	539	0.1657	-0.0759	-0.0151	-0.9823	
737756.145858873	0	0	15	-76	-5	1	-31	1951	0	0	0	847	-2577	2362	342	0.1984	-0.0386	-0.0019	-0.9785	1	-3	-2	0	130	-43	959	6.76	-22.04	14.02	811	-2219	1207	539	0.1675	-0.0728	-0.011	-0.9823	
737756.145859416	0	0	10	-151	3	72	104	1825	0	0	0	877	-2817	2152	345	0.1927	-0.0573	-0.0258	-0.9784	1	0	1	2	120	12	916	7.96	-22.94	13.42	811	-2219	1207	534	0.1671	-0.0727	-0.0205	-0.9822	
737756.145859928	0	0	31	-202	9	163	-33	1513	0	0	0	787	-3057	1762	346	0.1894	-0.1032	-0.0333	-0.975	1	-4	1	0	139	41	915	5.71	-23.09	11.77	811	-2219	1207	528	0.163	-0.0727	-0.0246	-0.9828	
737756.145860654	0	0	10	-241	18	220	-29	959	0	0	0	547	-3297	1133	345	0.1806	-0.1812	-0.0482	-0.9646	1	2	-4	-1	161	8	911	6.16	-22.64	12.82	811	-2219	1207	513	0.1619	-0.0766	-0.0165	-0.9829	
737756.145861198	0	0	-62	-282	20	274	-79	888	0	0	0	562	-3522	488	345	0.1675	-0.2442	-0.0352	-0.9536	1	8	1	4	173	22	920	5.56	-22.64	12.52	811	-2219	1207	500	0.162	-0.0821	-0.0242	-0.9822	
737756.145861742	0	0	-66	-321	6	328	-127	363	0	0	0	609	-3592	-735	346	0.1579	-0.3522	0.0058	-0.9216	1	0	4	0	149	9	947	6.76	-22.94	13.12	811	-2219	1207	498	0.1618	-0.0774	-0.0195	-0.9828	
737756.145862278	0	0	-96	-321	-24	370	-123	-5	0	0	0	324	-3337	-1410	346	0.1318	-0.4945	0.0254	-0.8577	1	-4	12	2	124	-18	965	6.76	-22.34	13.42	811	-2219	1207	495	0.1643	-0.0698	-0.0157	-0.983	
737756.14586282	0	0	38	-254	-48	365	10	-592	0	0	0	309	-2722	-2144	353	0.1036	-0.6613	0.0112	-0.7415	1	0	3	1	132	-16	969	6.61	-21.89	12.67	811	-2219	1207	492	0.1653	-0.0669	-0.012	-0.9831	
737756.145863548	0	0	-38	-130	-28	368	125	-1340	0	0	0	129	-2333	-2954	357	0.0494	-0.8053	-0.0253	-0.5884	1	-4	4	3	128	-15	973	6.46	-22.64	12.82	811	-2219	1207	490	0.1657	-0.0676	-0.0097	-0.983	
737756.145864092	0	0	-7	43	-3	620	215	-1117	0	0	0	69	-2333	-2864	358	0.0225	-0.86	-0.0406	-0.5063	1	-3	0	-5	136	-7	996	7.36	-20.84	13.72	811	-2219	1207	487	0.1653	-0.0659	-0.0024	-0.9832	
737756.145864635	0	0	-29	120	24	671	263	-288	0	0	0	-20	-2333	-2804	352	-0.0298	-0.85	-0.0572	-0.521	1	-2	0	0	122	-4	1013	6.91	-20.99	12.97	811	-2219	1207	490	0.1642	-0.0657	-0.0051	-0.9834	
737756.145865352	0	0	-5	137	23	683	83	-572	0	0	0	69	-2692	-2444	352	-0.0255	-0.8226	-0.0513	-0.5641	1	-1	-6	-2	115	12	977	6.91	-21.29	14.47	811	-2219	1207	493	0.1631	-0.0613	-0.0097	-0.9838	
737756.145865911	0	0	-22	217	32	515	140	-372	0	0	0	189	-2962	-2054	349	-0.0218	-0.8085	-0.0505	-0.5844	1	-4	1	0	119	-20	945	6.61	-21.29	13.57	811	-2219	1207	489	0.1609	-0.0643	-0.0101	-0.984	
737756.145866638	0	0	-10	273	44	483	-106	178	0	0	0	309	-3502	-1185	348	0.0318	-0.6916	0.0037	-0.7191	1	3	-6	-2	128	-11	969	6.61	-21.89	12.07	811	-2219	1207	492	0.1634	-0.0646	-0.0073	-0.9836	
737756.145867181	0	0	-52	237	41	380	-30	623	0	0	0	519	-3652	-495	347	0.0397	-0.5537	0.0298	-0.8291	1	-6	-2	-4	143	21	936	7.51	-22.19	13.57	811	-2219	1207	488	0.1628	-0.0684	-0.0097	-0.9834	
737756.145867719	0	0	-4	266	60	313	-160	916	0	0	0	580	-3565	355	348	0.0669	-0.3405	0.0551	-0.9345	1	2	-5	0	132	5	965	7.21	-21.59	13.57	811	-2219	1207	486	0.1625	-0.0703	-0.0128	-0.9833	
737756.145868261	0	0	18	214	37	300	-237	1064	0	0	0	804	-3580	879	350	0.0865	-0.1729	0.0897	-0.9762	1	-1	-1	-1	154	38	943	6.61	-22.49	11.77	811	-2219	1207	486	0.162	-0.0721	-0.0189	-0.9831	
737756.145868987	0	0	-16	179	30	231	-434	1119	0	0	0	968	-3052	1498	350	0.106	-0.0583	0.1056	-0.9861	1	-4	0	0	126	-15	966	6.76	-21.74	13.12	811	-2219	1207	484	0.1642	-0.0698	-0.0151	-0.983	
737756.145869531	0	0	55	164	27	-25	-114	1521	0	0	0	1148	-2782	2128	348	0.1054	0.014	0.0817	-0.9901	1	-6	4	1	125	13	960	6.91	-22.19	12.07	811	-2219	1207	483	0.1651	-0.0673	-0.0143	-0.983	
737756.145870076	0	0	-21	112	-5	-80	-255	1570	0	0	0	1163	-2497	2383	350	0.1137	0.0441	0.0975	-0.9869	1	-2	0	1	126	4	964	6.76	-22.04	14.02	811	-2219	1207	481	0.1669	-0.0663	-0.0128	-0.9828	
737756.145870612	0	0	-14	47	43	-115	-151	1807	0	0	0	1388	-2302	2518	349	0.1317	0.0526	0.0767	-0.9861	1	0	-2	-2	140	30	954	6.76	-21.44	11.92	811	-2219	1207	480	0.168	-0.0675	-0.0146	-0.9825	
737756.145871034	0	0	67	24	0	-2	-392	1508	0	0	0	1328	-2272	2638	348	0.1394	0.0297	0.102	-0.9836	1	-3	1	2	137	8	966	7.66	-22.34	11.92	811	-2219	1207	476	0.1707	-0.0694	-0.0158	-0.9819	
737756.1458715	0	0	-21	-26	7	54	-57	1293	0	0	0	1399	-2239	2700	348	0.1484	-0.0009	0.0609	-0.9861	1	0	-2	1	133	7	954	6.91	-22.19	12.97	811	-2219	1207	473	0.1695	-0.0691	-0.016	-0.9821	
737756.145872043	0	0	24	-13	3	98	-239	999	0	0	0	1414	-2164	2595	348	0.1639	-0.046	0.0926	-0.9802	1	7	-6	0	144	-4	959	6.46	-22.34	12.22	811	-2219	1207	470	0.1686	-0.072	-0.0164	-0.9821	
737756.145872591	0	0	0	-14	1	89	-82	1031	0	0	0	1264	-2224	2655	347	0.1683	-0.0518	0.0596	-0.9817	1	-5	1	-2	132	-21	959	6.91	-21.59	12.07	811	-2219	1207	462	0.1698	-0.0727	-0.0081	-0.9819	
737756.145873132	0	0	-1	-14	2	93	-172	932	0	0	0	1354	-2284	2625	346	0.1828	-0.0571	0.071	-0.9781	1	1	2	4	122	-47	975	7.36	-22.34	12.52	811	-2219	1207	455	0.17	-0.0734	-0.0038	-0.9819	
737756.145873677	0	0	-10	-11	4	88	-80	991	0	0	0	1264	-2433	2685	346	0.186	-0.0554	0.0501	-0.9789	1	-2	-6	-1	137	-4	987	7.51	-21.59	11.77	811	-2219	1207	439	0.1683	-0.0724	-0.0046	-0.9822	
737756.145874212	0	0	10	-2	0	69	-125	930	0	0	0	1249	-2448	2490	345	0.1909	-0.0558	0.0561	-0.9776	1	-11	10	5	160	13	967	7.06	-21.14	12.22	811	-2219	1207	427	0.169	-0.0724	-0.009	-0.9821	
737756.145874761	0	0	-10	-1	3	64	-140	1037	0	0	0	1369	-2179	2610	346	0.1973	-0.0455	0.0468	-0.9773	1	-1	5	-3	108	-66	928	7.06	-21.14	12.22	841	-2099	1507	411	0.1723	-0.0661	0.0065	-0.982	
737756.145875481	0	0	2	1	-2	97	-74	1004	0	0	0	1384	-2224	2595	345	0.2027	-0.0489	0.0491	-0.9759	1	-6	0	16	107	85	874	6.76	-21.44	13.72	841	-2099	1507	383	0.171	-0.0641	-0.0067	-0.9823	
737756.145876025	0	0	-2	-5	4	87	-116	1016	0	0	0	1279	-2239	2550	345	0.207	-0.0487	0.0411	-0.9754	1	-9	-4	-2	82	-41	914	7.36	-22.34	13.42	841	-2099	1507	383	0.1766	-0.0534	0.0033	-0.982	
737756.145876443	0	0	2	1	-2	87	-112	998	0	0	0	1309	-2209	2610	346	0.2096	-0.0516	0.0498	-0.9743	1	0	2	-6	128	-69	952	8.11	-21.59	12.37	841	-2099	1507	383	0.1763	-0.06	0.0095	-0.9816	
737756.145876858	0	0	-4	1	0	81	-80	1041	0	0	0	1414	-2343	2535	344	0.2102	-0.0489	0.042	-0.9747	1	8	1	-4	146	-38	947	8.11	-20.99	14.17	841	-2099	1507	383	0.1761	-0.061	0.0059	-0.9816	
737756.145877286	0	0	3	1	0	83	-120	1000	0	0	0	1249	-2269	2610	344	0.2112	-0.0504	0.0439	-0.9743	1	12	4	4	76	21	1025	7.21	-21.59	14.47	841	-2099	1507	383	0.1763	-0.057	-0.0053	-0.9818	
737756.145877821	0	0	0	2	-1	77	-81	1060	0	0	0	1339	-2179	2670	343	0.2129	-0.0464	0.0396	-0.9743	1	-6	-9	-12	113	-50	971	8.11	-20.69	13.87	841	-2099	1507	383	0.1754	-0.0582	0.0014	-0.9819	
737756.145878371	0	0	0	-1	1	77	-101	1029	0	0	0	1234	-2284	2625	344	0.2132	-0.0461	0.0386	-0.9743	1	6	0	2	166	25	932	7.81	-21.59	13.27	841	-2099	1507	383	0.1738	-0.0664	-0.0078	-0.9817	
737756.145878907	0	0	9	5	-1	88	-80	1010	0	0	0	1309	-2329	2700	344	0.2148	-0.0486	0.0366	-0.9739	1	2	-5	0	98	-16	1029	7.51	-21.89	12.37	841	-2099	1507	383	0.1741	-0.0637	-0.0072	-0.9818	
737756.145879451	0	0	9	5	-1	88	-80	1010	0	0	0	1309	-2329	2700	344	0.2148	-0.0486	0.0366	-0.9739	1	2	-5	0	98	-16	1029	7.51	-21.89	12.37	841	-2099	1507	383	0.1741	-0.0637	-0.0072	-0.9818	
737756.145879995	0	0	9	5	-1	88	-80	1010	0	0	0	1309	-2329	2700	344	0.2148	-0.0486	0.0366	-0.9739	1	2	-5	0	98	-16	1029	7.51	-21.89	12.37	841	-2099	1507	383	0.1741	-0.0637	-0.0072	-0.9818	
737756.145880539	0	0	9	5	-1	88	-80	1010	0	0	0	1309	-2329	2700	344	0.2148	-0.0486	0.0366	-0.9739	1	2	-5	0	98	-16	1029	7.51	-21.89	12.37	841	-2099	1507	383	0.1741	-0.0637	-0.0072	-0.9818	
737756.145881076	0	0	-4	-1	0	64	-67	1012	0	0	0	1309	-2239	2610	344	0.221	-0.0406	0.0312	-0.9731	1	2	-5	0	98	-16	1029	7.51	-21.89	12.37	841	-2099	1507	383	0.1741	-0.0637	-0.0072	-0.9818	
737756.145881618	0	0	2	2	2	65	-103	1027	0	0	0	1369	-2209	2670	345	0.2255	-0.0386	0.0375	-0.9719	1	-9	19	2	145	-25	918	7.51	-21.89	12.37	661	-2069	1357	469	0.1662	-0.0617	-0.0062	-0.9833	
737756.145882345	0	0	-7	-2	1	57	-87	1044	0	0	0	1279	-2269	2760	345	0.2267	-0.0386	0.0342	-0.9718	1	-1	-2	-7	200	-81	944	7.51	-21.89	12.37	646	-2114	1222	502	0.1616	-0.0776	0.0092	-0.9829	
737756.145882761	0	0	10	6	-1	61	-91	1019	0	0	0	1264	-2194	2715	345	0.2252	-0.0394	0.0367	-0.972	1	-7	4	7	242	60	967	6.61	-21.89	12.97	646	-2114	1222	509	0.1598	-0.0926	-0.0093	-0.9819	
737756.145883272	0	0	2	1	0	55	-47	1065	0	0	0	1264	-2224	2625	344	0.2237	-0.0345	0.0255	-0.9729	1	-1	4	7	93	-112	956	7.21	-21.89	12.67	646	-2114	1222	517	0.1643	-0.089	0.0065	-0.9815	
737756.145883999	0	0	-4	-1	-2	70	-87	1070	0	0	0	1174	-2224	2715	345	0.2241	-0.0364	0.0339	-0.9725	1	0	0	3	167	-37	958	6.76	-21.44	13.12	646	-2114	1222	527	0.1634	-0.0762	-0.007	-0.9828	
737756.145884543	0	0	6	-1	1	57	-54	1110	0	0	0	1354	-2224	2685	345	0.2262	-0.0334	0.0254	-0.9723	1	-4	3	-1	113	-15	958	7.06	-20.54	12.82	646	-2114	1222	529	0.166	-0.0717	0.0009	-0.9827	
737756.145885086	0	0	-23	-16	-2	-4	-91	1428	0	0	0	1219	-2239	2640	346	0.2264	-0.0242	0.035	-0.9722	1	2	-3	1	115	-14	966	6.91	-20.09	12.67	646	-2114	1222	529	0.1684	-0.0666	0.001	-0.9826	
737756.145885622	0	0	4	-45	-4	-33	-191	1684	0	0	0	1174	-2254	2625	346	0.2253	-0.0229	0.0386	-0.9724	1	1	-8	-3	108	-27	972	7.36	-22.04	12.22	646	-2114	1222	527	0.1668	-0.0649	0.0014	-0.983	
737756.145886348	0	0	18	-78	-9	-40	-128	1806	0	0	0	1085	-2403	2565	346	0.2213	-0.0237	0.0308	-0.9736	1	-1	-3	0	146	31	919	7.51	-20.99	14.17	646	-2114	1222	523	0.1654	-0.0675	-0.0058	-0.9831	
737756.145886892	0	0	18	-78	-9	-40	-128	1806	0	0	0	1085	-2403	2565	346	0.2213	-0.0237	0.0308	-0.9736	1	-1	-3	0	146	31	919	7.51	-20.99	14.17	646	-2114	1222	523	0.1654	-0.0675	-0.0058	-0.9831	
737756.145887436	0	0	21	-281	8	59	-84	1203	0	0	0	875	-2973	1666	346	0.2082	-0.0896	-0.0008	-0.9731	1	-1	-3	0	146	31	919	7.51	-20.99	14.17	646	-2114	1222	523	0.1654	-0.0675	-0.0058	-0.9831	
737756.145887972	0	0	21	-281	8	59	-84	1203	0	0	0	875	-2973	1666	346	0.2082	-0.0896	-0.0008	-0.9731	1	-1	-3	0	146	31	919	7.51	-20.99	14.17	646	-2114	1222	523	0.1654	-0.0675	-0.0058	-0.9831	
737756.145888396	0	0	21	-281	8	59	-84	1203	0	0	0	875	-2973	1666	346	0.2082	-0.0896	-0.0008	-0.9731	1	-1	-3	0	146	31	919	7.51	-20.99	14.17	646	-2114	1222	523	0.1654	-0.0675	-0.0058	-0.9831	
737756.145888862	0	0	-46	-294	7	321	-47	149	0	0	0	613	-3602	-432	346	0.183	-0.2897	-0.0063	-0.9384	1	3	-4	0	108	0	963	6.61	-20.39	12.67	646	-2114	1222	509	0.1685	-0.0586	-0.0036	-0.9831	
737756.145889404	0	0	-18	-253	-15	484	0	-306	0	0	0	524	-3150	-1531	349	0.164	-0.4383	-0.0156	-0.8824	1	-3	2	2	106	-26	967	8.11	-20.99	12.97	646	-2114	1222	507	0.1726	-0.0584	0	-0.9824	
737756.145889948	0	0	-19	-188	-20	579	25	-626	0	0	0	479	-3135	-2116	352	0.1336	-0.5635	-0.034	-0.8132	1	0	0	2	98	-28	982	7.51	-20.69	13.57	646	-2114	1222	506	0.1747	-0.0559	0.0024	-0.9822	
737756.145890492	0	0	-44	-125	-17	642	258	-942	0	0	0	454	-2724	-2393	354	0.0924	-0.6827	-0.0561	-0.7212	1	-3	0	-1	77	-64	987	7.36	-21.14	14.02	646	-2114	1222	506	0.1741	-0.0525	0.0075	-0.9825	
737756.145891036	0	0	24	10	-6	697	217	-824	0	0	0	199	-2650	-2618	353	0.0591	-0.7493	-0.0825	-0.6529	1	-1	3	1	91	-35	962	5.86	-22.04	13.42	646	-2114	1222	508	0.1724	-0.0546	0.0023	-0.9827	
737756.14589158	0	0	-15	77	9	745	243	-566	0	0	0	409	-2590	-2498	350	0.0463	-0.7702	-0.095	-0.6275	1	-3	-1	-5	98	-15	982	7.81	-20.09	13.27	646	-2114	1222	507	0.1724	-0.0525	0.0067	-0.9828	
737756.145892123	0	0	-17	123	12	705	2	-429	0	0	0	349	-2769	-2318	349	0.0441	-0.7738	-0.0843	-0.6248	1	0	0	-1	99	-2	986	6.91	-20.69	13.57	646	-2114	1222	506	0.1695	-0.052	-0.0017	-0.9833	
737756.145892658	0	0	-17	161	10	611	140	-619	0	0	0	349	-3129	-1928	347	0.0394	-0.7766	-0.086	-0.6213	1	-1	-3	-3	102	0	968	7.51	-20.69	12.37	646	-2114	1222	506	0.1668	-0.0525	-0.0039	-0.9838	
737756.145893386	0	0	-38	260	25	400	-35	-26	0	0	0	334	-3384	-1373	345	0.0559	-0.7321	-0.0563	-0.6753	1	-1	-3	-1	95	-13	984	6.91	-20.99	13.57	646	-2114	1222	504	0.1632	-0.0528	-0.004	-0.9843	
737756.145893929	0	0	-28	303	29	304	6	430	0	0	0	486	-3728	-568	346	0.0935	-0.573	0.0028	-0.8121	1	-5	-2	-4	98	-16	958	7.81	-21.89	12.67	646	-2114	1222	502	0.1622	-0.0528	0.001	-0.9845	
737756.145894346	0	0	-55	272	50	174	48	988	0	0	0	576	-3548	120	346	0.0943	-0.453	0.0159	-0.8844	1	0	-5	-1	115	0	961	7.96	-22.04	12.82	646	-2114	1222	500	0.1618	-0.0556	-0.0018	-0.9844	
737756.145894881	0	0	-6	203	47	289	-401	757	0	0	0	905	-3458	570	347	0.1264	-0.2791	0.0967	-0.9459	1	-3	-2	-4	116	5	944	7.96	-21.44	13.12	646	-2114	1222	496	0.1628	-0.0584	-0.0017	-0.9841	
737756.145895608	0	0	39	256	39	-38	-215	1489	0	0	0	950	-3084	1542	346	0.1335	-0.0583	0.0835	-0.9849	1	-3	1	0	105	1	964	7.21	-21.59	13.87	646	-2114	1222	493	0.1639	-0.0593	-0.0078	-0.9838	
737756.145896153	0	0	39	137	-15	13	-323	1788	0	0	0	1159	-2574	2202	348	0.1294	0.0188	0.0962	-0.9859	1	0	-3	0	115	25	977	7.21	-20.39	13.57	646	-2114	1222	490	0.1653	-0.0579	-0.0126	-0.9836	
737756.145896689	0	0	19	80	33	-39	-70	1614	0	0	0	1159	-2424	2441	346	0.1381	0.0441	0.039	-0.9878	1	0	-2	0	109	0	971	6.16	-21.74	13.42	646	-2114	1222	487	0.1673	-0.0568	-0.0109	-0.9834	
737756.145897232	0	0	1	40	5	67	-168	1640	0	0	0	1122	-2415	2372	347	0.1433	0.0232	0.0469	-0.9874	1	5	-3	2	123	17	963	7.66	-22.64	12.52	646	-2114	1222	488	0.1702	-0.0589	-0.0149	-0.9827	
737756.145897958	0	0	10	13	5	6	-357	1114	0	0	0	1212	-2235	2432	345	0.1556	-0.0013	0.0907	-0.9827	1	-1	0	3	125	9	939	8.11	-21.59	11.77	646	-2114	1222	484	0.1713	-0.0639	-0.0135	-0.9822	
737756.1458985	0	0	-13	-8	11	153	103	1352	0	0	0	1302	-2355	2552	345	0.1508	-0.0124	0.0549	-0.9858	1	3	-2	7	104	-32	961	7.36	-20.54	13.12	646	-2114	1222	484	0.1743	-0.0633	-0.0083	-0.9818	
737756.14589904	0	0	14	-2	3	139	19	1029	0	0	0	1227	-2340	2597	345	0.1619	-0.0419	0.0548	-0.9833	1	-1	-2	2	105	-15	940	7.06	-21.44	13.12	646	-2114	1222	482	0.1746	-0.0596	0.0001	-0.982	
737756.145899582	0	0	1	-12	11	186	51	1058	0	0	0	1302	-2355	2462	344	0.171	-0.0568	0.0229	-0.9824	1	0	1	3	95	-40	971	7.66	-20.54	12.82	646	-2114	1222	480	0.176	-0.0573	0.0045	-0.9819	
737756.145900008	0	0	9	-8	8	151	-61	962	0	0	0	1137	-2400	2477	344	0.1807	-0.0722	0.0205	-0.9798	1	-2	1	0	94	-29	971	7.36	-21.14	14.02	646	-2114	1222	481	0.1749	-0.0552	0.0064	-0.9822	
737756.145900433	0	0	-1	-1	3	104	-113	1012	0	0	0	1242	-2325	2522	344	0.193	-0.0569	0.0368	-0.978	1	-1	0	1	98	-32	969	6.61	-21.59	12.97	646	-2114	1222	479	0.1734	-0.0547	0.005	-0.9825	
737756.145900969	0	0	5	-4	7	83	-86	1012	0	0	0	1257	-2160	2627	343	0.2027	-0.0488	0.0364	-0.9765	1	0	-1	-1	99	-39	980	7.36	-21.44	12.82	646	-2114	1222	480	0.1732	-0.0536	0.0072	-0.9826	
737756.14590151	0	0	-5	-2	0	102	-39	1037	0	0	0	1332	-2385	2492	344	0.2034	-0.0541	0.0297	-0.9763	1	-3	1	-2	119	-2	959	6.76	-20.54	13.12	646	-2114	1222	478	0.1705	-0.0559	0	-0.9829	
737756.145902055	0	0	17	4	1	111	-130	986	0	0	0	1182	-2295	2552	345	0.2088	-0.0581	0.0404	-0.9745	1	3	-3	-1	111	-25	958	7.51	-20.99	12.97	646	-2114	1222	477	0.1712	-0.0576	-0.0015	-0.9827	
737756.145902599	0	0	-14	-7	1	89	-44	1059	0	0	0	1272	-2325	2672	345	0.2111	-0.0504	0.0236	-0.975	1	2	-4	-3	121	9	947	7.81	-21.59	12.37	646	-2114	1222	472	0.1699	-0.0595	-0.0051	-0.9828	
737756.145903143	0	0	-1	0	-4	88	-104	984	0	0	0	1287	-2280	2597	344	0.2122	-0.0549	0.0403	-0.974	1	1	3	1	104	-23	984	6.46	-21.74	13.12	646	-2114	1222	463	0.1705	-0.0597	-0.0079	-0.9827	
737756.145903686	0	0	7	1	3	96	0	1073	0	0	0	1242	-2205	2432	344	0.2132	-0.0448	0.0091	-0.9751	1	-7	5	-5	79	-35	984	7.36	-20.54	14.02	646	-2114	1222	449	0.1702	-0.0545	0	-0.9831	
737756.145904222	0	0	-12	-3	-1	102	-100	989	0	0	0	1137	-2250	2537	345	0.2163	-0.0544	0.029	-0.9735	1	-18	0	-5	114	-2	969	7.36	-20.54	14.02	736	-2204	1282	420	0.1661	-0.0561	0.0052	-0.9837	
737756.145904765	0	0	5	4	1	96	-50	1062	0	0	0	1152	-2265	2402	344	0.2157	-0.051	0.0216	-0.974	1	-16	19	26	179	79	808	7.36	-20.54	14.02	811	-2159	1357	390	0.1745	-0.0705	-0.0153	-0.9811	
737756.145905492	0	0	-7	1	-3	87	-63	1016	0	0	0	1242	-2325	2492	345	0.2186	-0.0496	0.0276	-0.9733	1	48	-27	1	107	114	1041	6.61	-20.09	14.17	811	-2159	1357	382	0.1855	-0.0416	-0.0163	-0.9807	
737756.145905912	0	0	-2	-1	1	85	-42	1056	0	0	0	1182	-2145	2552	344	0.2195	-0.0462	0.0203	-0.9735	1	-25	-1	-5	101	116	1054	6.61	-19.49	15.07	811	-2159	1357	382	0.1834	-0.0362	-0.0285	-0.9811	
737756.145906373	0	0	7	3	0	87	-89	999	0	0	0	1107	-2280	2567	344	0.2213	-0.0491	0.0251	-0.9728	1	0	8	1	115	-34	912	7.66	-20.54	13.42	811	-2159	1357	383	0.1844	-0.0462	-0.0115	-0.9808	
737756.145906916	0	0	-5	-2	1	79	-33	1076	0	0	0	1242	-2265	2612	344	0.2221	-0.0441	0.0171	-0.973	1	0	-9	4	72	17	974	8.26	-19.64	13.72	811	-2159	1357	383	0.1861	-0.0411	-0.0149	-0.9807	
737756.145907459	0	0	2	1	0	89	-70	1024	0	0	0	1197	-2220	2507	343	0.2239	-0.047	0.0235	-0.9724	1	-9	-12	-7	104	18	928	7.81	-21.29	14.47	811	-2159	1357	383	0.1839	-0.0484	-0.0096	-0.9809	
737756.145908003	0	0	0	-1	3	90	-13	1060	0	0	0	1167	-2250	2657	344	0.2244	-0.0432	0.01	-0.9726	1	0	13	8	89	22	993	7.51	-20.39	12.67	811	-2159	1357	383	0.1847	-0.0554	-0.0155	-0.9803	
737756.145908547	0	0	0	0	-1	88	-73	997	0	0	0	1107	-2190	2717	344	0.2267	-0.0506	0.0227	-0.9715	1	-50	-19	-5	61	114	1037	7.21	-20.69	13.87	811	-2159	1357	390	0.1859	-0.043	-0.0211	-0.9805	
737756.145909091	0	0	1	0	2	79	-48	1047	0	0	0	1167	-2280	2627	344	0.2265	-0.0454	0.0139	-0.972	1	42	-1	-10	-19	-31	961	8.86	-20.84	12.82	811	-2159	1357	421	0.1872	-0.0411	0.0219	-0.9804	
737756.145909627	0	0	-5	-1	0	88	-72	1012	0	0	0	1212	-2235	2492	344	0.228	-0.0468	0.0224	-0.9714	1	0	4	-7	101	47	944	8.86	-20.84	12.82	706	-2024	1192	462	0.1828	-0.049	0.0004	-0.9811	
737756.14591017	0	0	1	1	3	71	-59	1041	0	0	0	1152	-2355	2522	345	0.2298	-0.0429	0.0152	-0.9713	1	3	-2	-8	174	49	1038	8.86	-20.84	12.82	781	-2099	1357	478	0.1793	-0.0528	-0.014	-0.9814	
737756.145910897	0	0	-8	-1	-1	74	7	1040	0	0	0	1137	-2220	2597	344	0.229	-0.0406	0.0085	-0.9717	1	2	0	3	69	81	942	6.61	-22.19	13.87	781	-2099	1357	500	0.1784	-0.0414	-0.0429	-0.9813	
737756.145911442	0	0	4	3	0	78	-120	1016	0	0	0	1242	-2235	2522	345	0.2317	-0.0434	0.0265	-0.9706	1	1	0	0	39	-24	980	7.66	-20.84	14.02	781	-2099	1357	516	0.1832	-0.0459	-0.0247	-0.9808	
737756.145911857	0	0	-2	3	-3	43	-15	1171	0	0	0	1212	-2145	2672	344	0.2303	-0.0329	0.0172	-0.9715	1	4	-4	1	51	21	967	6.91	-22.19	13.27	781	-2099	1357	519	0.1808	-0.0478	-0.0262	-0.9812	
737756.14591238	0	0	-12	-9	0	21	-85	1322	0	0	0	1227	-2220	2567	344	0.2316	-0.0253	0.0227	-0.9714	1	-3	2	-2	87	16	988	6.01	-20.09	13.57	781	-2099	1357	523	0.1799	-0.0492	-0.0196	-0.9814	
737756.145912923	0	0	8	-34	-3	-94	-83	1904	0	0	0	1197	-2340	2417	347	0.2271	-0.008	0.0272	-0.9726	1	3	-5	-2	109	8	972	6.31	-20.99	14.17	781	-2099	1357	523	0.1781	-0.0523	-0.0176	-0.9816	
737756.145913466	0	0	8	-142	3	-84	-13	2135	0	0	0	1047	-2400	2447	348	0.2226	-0.0187	0.007	-0.9738	1	0	-2	-2	96	-2	985	7.51	-20.99	13.57	781	-2099	1357	522	0.1815	-0.0514	-0.0135	-0.9811	
737756.145914014	0	0	4	-228	4	-45	-129	1843	0	0	0	1107	-2700	2087	347	0.2197	-0.0591	0.0002	-0.9729	1	-6	7	-1	112	-13	926	6.76	-20.54	13.72	781	-2099	1357	519	0.1798	-0.0537	-0.0176	-0.9812	
737756.145914557	0	0	59	-295	17	-15	-154	1348	0	0	0	837	-3209	1638	344	0.2156	-0.111	-0.0176	-0.969	1	0	3	2	108	-7	943	6.46	-21.14	13.42	781	-2099	1357	515	0.1785	-0.0542	-0.0162	-0.9815	
737756.145915284	0	0	-38	-354	25	22	-62	775	0	0	0	661	-3496	486	345	0.2046	-0.1881	-0.0298	-0.9591	1	-1	4	0	116	7	939	6.61	-21.29	13.87	781	-2099	1357	513	0.1754	-0.0541	-0.0126	-0.9821	
737756.145915829	0	0	-4	-361	4	130	-149	91	0	0	0	676	-3511	-248	346	0.2037	-0.3101	0.0219	-0.9273	1	-3	5	1	94	-18	985	6.76	-19.04	13.12	781	-2099	1357	509	0.1748	-0.0534	-0.0104	-0.9823	
737756.145916371	0	0	-65	-331	-10	261	18	-435	0	0	0	556	-3240	-1490	350	0.177	-0.5225	0.0017	-0.8328	1	-3	0	2	121	40	970	7.21	-20.09	14.77	781	-2099	1357	509	0.1728	-0.0543	-0.0144	-0.9825	
737756.145916914	0	0	-28	-265	-21	243	29	-688	0	0	0	361	-2716	-2285	350	0.1387	-0.6664	-0.0094	-0.731	1	-7	0	-3	88	-21	984	6.61	-20.39	12.97	781	-2099	1357	508	0.1728	-0.0488	-0.0016	-0.9829	
737756.145917332	0	0	52	-197	-12	363	147	-1175	0	0	0	529	-2175	-2816	353	0.1177	-0.7737	-0.0359	-0.6196	1	0	-3	0	94	-6	957	6.61	-22.19	14.47	781	-2099	1357	510	0.1722	-0.05	-0.0048	-0.983	
737756.145917752	0	0	38	-49	0	552	313	-1451	0	0	0	514	-2010	-3011	353	0.0962	-0.8374	-0.0664	-0.5319	1	2	-4	1	102	-16	976	6.61	-20.99	13.87	781	-2099	1357	509	0.1719	-0.0522	-0.0067	-0.9829	
737756.145918295	0	0	-37	42	21	632	62	-858	0	0	0	559	-2025	-2876	353	0.0716	-0.8656	-0.0721	-0.4885	1	-10	6	0	83	-23	970	6.61	-20.69	13.27	781	-2099	1357	509	0.1668	-0.0486	-0.0034	-0.984	
737756.145918837	0	0	-33	105	35	771	2	-401	0	0	0	409	-2235	-2906	350	0.0529	-0.8582	-0.0573	-0.5058	1	2	-7	-3	77	-17	1000	6.31	-20.39	13.87	781	-2099	1357	508	0.1635	-0.0459	-0.0032	-0.9846	
737756.145919381	0	0	0	122	6	693	-102	-520	0	0	0	514	-2399	-2651	348	0.0708	-0.8358	-0.0345	-0.5418	1	-4	-1	-4	103	30	939	6.31	-21.29	12.67	781	-2099	1357	511	0.1601	-0.0468	-0.0097	-0.9851	
737756.145919927	0	0	12	170	0	625	-32	-681	0	0	0	514	-2549	-2321	348	0.0687	-0.8334	-0.0364	-0.5455	1	2	-5	-3	96	0	942	6.31	-21.29	13.27	781	-2099	1357	508	0.1606	-0.0502	-0.0104	-0.9849	
737756.145920388	0	0	-21	239	-2	464	-12	-498	0	0	0	619	-2834	-1916	346	0.0582	-0.8217	-0.0369	-0.564	1	1	-2	0	104	0	972	6.16	-22.64	13.12	781	-2099	1357	505	0.1587	-0.0529	-0.0128	-0.985	
737756.145920933	0	0	-30	272	10	395	-40	122	0	0	0	619	-3254	-1257	345	0.0768	-0.7265	-0.0098	-0.6802	1	-4	0	-5	97	-15	955	7.21	-20.39	13.57	781	-2099	1357	506	0.1609	-0.051	-0.0065	-0.9848	
737756.145921476	0	0	-32	288	19	282	-32	434	0	0	0	626	-3517	-582	346	0.0781	-0.5452	0.0172	-0.8324	1	-1	-2	0	108	19	944	6.31	-19.49	13.27	781	-2099	1357	505	0.1614	-0.0518	-0.0089	-0.9847	
737756.14592202	0	0	-50	270	49	230	-45	1006	0	0	0	806	-3577	136	348	0.0887	-0.3734	0.0391	-0.9207	1	-2	-2	-2	105	14	955	6.31	-22.19	13.57	781	-2099	1357	503	0.1568	-0.0539	-0.0104	-0.9853	
737756.145922566	0	0	24	207	29	293	-246	1131	0	0	0	900	-3367	844	349	0.1132	-0.1941	0.0868	-0.9696	1	-1	0	-2	116	21	952	6.76	-21.14	12.22	781	-2099	1357	504	0.1551	-0.0546	-0.0111	-0.9855	
737756.145923107	0	0	-21	200	33	184	-404	1002	0	0	0	1320	-3067	1354	348	0.1276	-0.0891	0.1099	-0.9808	1	1	0	0	109	12	956	7.51	-21.59	13.27	781	-2099	1357	502	0.1576	-0.0531	-0.0101	-0.9852	
737756.145923574	0	0	65	197	19	52	-293	1660	0	0	0	1350	-2827	1804	348	0.1287	-0.0115	0.1041	-0.9853	1	0	0	-2	93	1	994	5.71	-21.29	13.87	781	-2099	1357	499	0.1574	-0.0504	-0.0099	-0.9854	
737756.145924117	0	0	0	93	-13	39	-260	1730	0	0	0	1410	-2797	2134	350	0.1271	0.02	0.095	-0.9863	1	0	-1	-2	118	34	956	6.61	-21.59	12.97	781	-2099	1357	498	0.1589	-0.0507	-0.0122	-0.9851	
737756.145924664	0	0	23	67	23	-71	-143	1893	0	0	0	1238	-2589	2387	349	0.1347	0.0326	0.0633	-0.9875	1	2	-4	0	96	8	975	7.06	-21.14	11.92	781	-2099	1357	497	0.1612	-0.0529	-0.0165	-0.9845	
737756.145925203	0	0	28	-9	-6	150	-247	1410	0	0	0	1432	-2335	2582	349	0.1459	-0.0135	0.0761	-0.9854	1	4	-2	2	115	38	937	6.01	-20.99	13.27	781	-2099	1357	496	0.164	-0.0551	-0.024	-0.9838	
737756.145925747	0	0	11	-7	0	180	-44	1083	0	0	0	1118	-2499	2387	349	0.1493	-0.0666	0.0441	-0.9847	1	-1	2	3	99	0	955	6.31	-20.99	13.57	781	-2099	1357	491	0.1679	-0.0561	-0.0196	-0.9832	
737756.145926291	0	0	10	-5	-1	189	19	1061	0	0	0	1178	-2440	2627	348	0.1579	-0.0802	0.0355	-0.9826	1	2	-1	3	96	-37	958	6.76	-20.54	14.32	781	-2099	1357	490	0.1704	-0.0546	-0.0091	-0.983	
737756.145926835	0	0	-8	-11	4	243	-81	1017	0	0	0	1267	-2350	2387	347	0.1758	-0.0848	0.0057	-0.9798	1	-4	3	1	106	-11	975	6.16	-21.44	12.82	781	-2099	1357	486	0.167	-0.054	-0.0024	-0.9837	
737756.145927377	0	0	-5	-10	2	76	-81	953	0	0	0	1193	-2395	2432	348	0.188	-0.0645	0.0411	-0.9783	1	0	0	3	85	-28	1001	6.91	-21.89	13.27	781	-2099	1357	485	0.1661	-0.051	-0.0004	-0.984	
737756.145927913	0	0	-8	-3	-3	171	-77	961	0	0	0	1178	-2529	2417	347	0.1886	-0.0794	0.0557	-0.9763	1	-3	0	0	98	13	990	7.81	-20.99	13.27	781	-2099	1357	479	0.168	-0.0489	-0.0027	-0.9837	
737756.145928641	0	0	-4	0	2	120	-172	991	0	0	0	1342	-2425	2402	346	0.1964	-0.07	0.0447	-0.9761	1	6	-9	-1	74	-11	955	6.31	-20.99	12.67	781	-2099	1357	467	0.1692	-0.0463	-0.0031	-0.9837	
737756.145929057	0	0	5	8	-4	133	-66	1007	0	0	0	1253	-2455	2582	347	0.1967	-0.072	0.0411	-0.9761	1	2	-9	-2	116	33	966	7.81	-21.29	14.77	781	-2099	1357	454	0.1661	-0.0501	-0.0115	-0.9839	
737756.14592952	0	0	-4	-2	5	140	-78	1068	0	0	0	1282	-2484	2432	345	0.2006	-0.0675	0.0264	-0.9761	1	-2	-1	7	122	28	946	7.66	-20.24	13.12	781	-2099	1357	430	0.1696	-0.0565	-0.0178	-0.9829	
737756.145930064	0	0	1	4	-3	150	-105	1016	0	0	0	1238	-2350	2477	343	0.2061	-0.0772	0.0392	-0.9738	1	-7	10	10	112	-30	918	7.66	-20.24	13.12	781	-2309	1357	402	0.1781	-0.0598	-0.0108	-0.9813	
737756.145930608	0	0	-7	-5	-2	135	-56	1051	0	0	0	1193	-2455	2582	344	0.2052	-0.0733	0.0245	-0.9748	1	0	15	7	49	-102	954	7.66	-20.24	13.12	736	-1964	1492	383	0.1805	-0.0493	0.0052	-0.9814	
737756.145931154	0	0	-6	-5	-3	139	-93	1023	0	0	0	1238	-2380	2387	344	0.2071	-0.0748	0.0317	-0.9741	1	2	-5	1	167	-27	990	8.11	-20.99	14.47	736	-1964	1492	383	0.1835	-0.0415	-0.0095	-0.9812	
737756.145931695	0	0	9	5	-2	140	-58	1019	0	0	0	1282	-2484	2492	343	0.2101	-0.0735	0.023	-0.9738	1	-2	0	-7	134	40	966	6.91	-20.39	13.87	736	-1964	1492	383	0.1822	-0.0435	-0.0046	-0.9814	
737756.145932241	0	0	-5	-4	1	132	-90	1019	0	0	0	1223	-2484	2522	344	0.2134	-0.0702	0.0232	-0.9733	1	13	-2	6	125	47	977	6.16	-21.44	14.32	736	-1964	1492	383	0.1791	-0.0498	-0.0202	-0.9815	
737756.145932775	0	0	-2	-1	-1	145	-54	1038	0	0	0	1193	-2455	2552	344	0.2136	-0.0749	0.023	-0.9729	1	-19	-4	-11	96	-18	983	6.16	-20.24	14.92	736	-1964	1492	383	0.1798	-0.042	-0.007	-0.9819	
737756.145933318	0	0	0	-2	0	139	-71	988	0	0	0	1178	-2260	2447	344	0.2174	-0.0751	0.0206	-0.9721	1	5	-5	5	153	51	923	7.36	-19.94	13.72	736	-1964	1492	383	0.1769	-0.0551	-0.0213	-0.9816	
737756.145934045	0	0	-5	0	1	131	-59	1066	0	0	0	1253	-2544	2522	344	0.2201	-0.0719	0.0184	-0.9718	1	-9	-2	-7	80	13	950	7.06	-19.94	13.12	736	-1964	1492	383	0.1799	-0.0489	-0.0091	-0.9816	
737756.145934508	0	0	5	0	-1	128	-76	1015	0	0	0	1223	-2455	2492	344	0.2203	-0.0719	0.0218	-0.9717	1	-3	-1	4	123	21	960	7.66	-21.14	13.42	736	-1964	1492	383	0.1811	-0.0531	-0.0161	-0.9811	
737756.145934925	0	0	1	0	0	135	-41	1014	0	0	0	1148	-2440	2597	345	0.2199	-0.0691	0.0131	-0.9721	1	-13	-9	1	59	37	1056	7.66	-20.84	12.52	736	-1964	1492	383	0.182	-0.0484	-0.0129	-0.9812	
737756.145935481	0	0	-7	-1	0	142	-117	992	0	0	0	1297	-2410	2477	345	0.2264	-0.072	0.0263	-0.9701	1	53	-12	-13	67	-47	902	6.76	-21.14	13.12	736	-1964	1492	413	0.1801	-0.0521	0.0054	-0.9814	
737756.145936024	0	0	5	4	-2	142	-42	1031	0	0	0	1178	-2499	2477	344	0.2231	-0.074	0.0197	-0.9709	1	10	-5	-7	107	49	1003	6.31	-21.29	13.57	736	-1964	1492	442	0.1741	-0.0558	-0.0211	-0.9821	
737756.145936567	0	0	-6	-3	2	136	-83	1015	0	0	0	1163	-2484	2432	345	0.2254	-0.0691	0.0162	-0.9708	1	-5	5	0	102	-43	993	6.31	-21.29	13.57	586	-2234	1342	460	0.1727	-0.0563	-0.0186	-0.9824	
737756.145937103	0	0	4	1	0	143	-46	1090	0	0	0	1193	-2455	2372	344	0.2274	-0.0703	0.0171	-0.9703	1	-1	0	-1	161	-73	946	6.31	-21.29	13.57	736	-2114	1432	487	0.1693	-0.0704	-0.0071	-0.9822	
737756.145937829	0	0	-8	-3	-3	151	-84	1047	0	0	0	1282	-2305	2462	345	0.2293	-0.0759	0.0218	-0.9693	1	-4	0	-3	190	-2	946	7.06	-22.34	12.82	736	-2114	1432	510	0.1669	-0.0887	-0.0212	-0.9809	
737756.145938374	0	0	6	-8	3	134	-85	1140	0	0	0	1342	-2365	2552	346	0.2315	-0.07	0.0173	-0.9693	1	-1	-3	3	130	-66	981	7.81	-22.19	12.97	736	-2114	1432	518	0.1692	-0.0711	-0.0146	-0.982	
737756.145938917	0	0	-2	-9	-5	117	-89	1210	0	0	0	1193	-2514	2492	346	0.2283	-0.0674	0.0205	-0.9702	1	-2	-2	-6	106	43	962	5.71	-21.89	13.57	736	-2114	1432	521	0.1664	-0.0636	-0.0173	-0.983	
737756.145939454	0	0	-4	-33	-2	66	-98	1595	0	0	0	1148	-2559	2387	347	0.2231	-0.0506	0.0189	-0.9724	1	6	-4	2	126	41	959	7.21	-21.29	13.57	736	-2114	1432	524	0.1682	-0.0603	-0.019	-0.9829	
737756.14594018	0	0	43	-99	-4	80	-38	1819	0	0	0	1058	-2709	2357	346	0.2143	-0.0547	0.0001	-0.9744	1	-1	0	-4	118	74	933	5.86	-21.44	13.72	736	-2114	1432	525	0.1655	-0.0567	-0.0217	-0.9835	
737756.145940724	0	0	10	-179	7	106	13	1664	0	0	0	968	-2769	1937	347	0.2082	-0.0812	-0.0286	-0.9734	1	-3	4	-1	107	20	954	6.61	-20.69	12.97	736	-2114	1432	523	0.1688	-0.0526	-0.021	-0.9832	
737756.145941124	0	0	9	-211	6	103	-86	1488	0	0	0	848	-2919	1787	345	0.2045	-0.1072	-0.0247	-0.9718	1	-7	6	2	107	39	920	7.06	-20.54	13.72	736	-2114	1432	517	0.1695	-0.0526	-0.0227	-0.983	
737756.145941859	0	0	-7	-276	21	151	-93	997	0	0	0	728	-3399	1038	344	0.1948	-0.1731	-0.0278	-0.9641	1	2	2	2	90	0	954	6.76	-19.94	12.52	736	-2114	1432	518	0.1719	-0.0516	-0.0161	-0.9828	
737756.145942401	0	0	-21	-313	18	202	-52	651	0	0	0	664	-3555	310	343	0.1881	-0.2254	-0.0257	-0.9547	1	2	2	0	108	16	985	6.61	-21.59	12.97	736	-2114	1432	512	0.1708	-0.0504	-0.0144	-0.9831	
737756.145942938	0	0	-29	-313	20	299	-119	150	0	0	0	814	-3525	-529	344	0.1853	-0.2994	-0.022	-0.9347	1	1	0	0	106	7	1006	6.61	-20.39	13.87	736	-2114	1432	512	0.1703	-0.0489	-0.0145	-0.9832	
737756.14594348	0	0	-29	-313	20	299	-119	150	0	0	0	814	-3525	-529	344	0.1853	-0.2994	-0.022	-0.9347	1	1	0	0	106	7	1006	6.61	-20.39	13.87	736	-2114	1432	512	0.1703	-0.0489	-0.0145	-0.9832	
737756.145944208	0	0	-29	-313	20	299	-119	150	0	0	0	814	-3525	-529	344	0.1853	-0.2994	-0.022	-0.9347	1	1	0	0	106	7	1006	6.61	-20.39	13.87	736	-2114	1432	512	0.1703	-0.0489	-0.0145	-0.9832	
737756.145944752	0	0	-14	-123	-11	586	124	-1000	0	0	0	517	-2559	-2582	348	0.1366	-0.6033	-0.0513	-0.7826	1	1	0	0	106	7	1006	6.61	-20.39	13.87	736	-2114	1432	512	0.1703	-0.0489	-0.0145	-0.9832	
737756.145945296	0	0	-14	-123	-11	586	124	-1000	0	0	0	517	-2559	-2582	348	0.1366	-0.6033	-0.0513	-0.7826	1	1	0	0	106	7	1006	6.61	-20.39	13.87	736	-2114	1432	512	0.1703	-0.0489	-0.0145	-0.9832	
737756.145945831	0	0	-30	94	27	733	72	-429	0	0	0	514	-2596	-2700	347	0.1032	-0.6784	-0.0706	-0.7227	1	-1	-2	-3	89	5	980	8.11	-21.29	14.17	736	-2114	1432	506	0.165	-0.0463	-0.0078	-0.9844	
737756.145946256	0	0	-10	113	14	700	-37	-452	0	0	0	514	-2626	-2460	347	0.1006	-0.6851	-0.0666	-0.717	1	0	-4	-3	93	6	966	6.46	-21.14	14.02	736	-2114	1432	506	0.1655	-0.0475	-0.0087	-0.9842	
737756.145946684	0	0	2	150	4	633	84	-614	0	0	0	424	-2776	-2280	344	0.0959	-0.6898	-0.0688	-0.7129	1	-6	0	-1	112	29	950	6.46	-20.54	13.42	736	-2114	1432	504	0.1646	-0.0496	-0.0126	-0.9842	
737756.145947219	0	0	-8	178	9	577	130	-613	0	0	0	484	-2956	-2101	344	0.0925	-0.6903	-0.0702	-0.7127	1	-6	1	0	89	12	959	6.46	-20.54	13.42	736	-2114	1432	499	0.1645	-0.0489	-0.0123	-0.9843	
737756.145947946	0	0	-17	261	24	380	-38	-20	0	0	0	544	-3196	-1681	345	0.0956	-0.6701	-0.0572	-0.7327	1	-1	-3	-4	101	16	947	6.46	-21.44	-25.24	736	-2114	1432	497	0.1593	-0.0495	-0.0109	-0.9851	
737756.14594849	0	0	-17	261	24	380	-38	-20	0	0	0	544	-3196	-1681	345	0.0956	-0.6701	-0.0572	-0.7327	1	-1	-3	-4	101	16	947	6.46	-21.44	-25.24	736	-2114	1432	497	0.1593	-0.0495	-0.0109	-0.9851	
737756.145949033	0	0	-69	275	54	159	-328	1004	0	0	0	1054	-3497	509	346	0.149	-0.4435	0.037	-0.8811	1	-1	-3	-4	101	16	947	6.46	-21.44	-25.24	736	-2114	1432	497	0.1593	-0.0495	-0.0109	-0.9851	
737756.14594957	0	0	-69	275	54	159	-328	1004	0	0	0	1054	-3497	509	346	0.149	-0.4435	0.037	-0.8811	1	-1	-3	-4	101	16	947	6.46	-21.44	-25.24	736	-2114	1432	497	0.1593	-0.0495	-0.0109	-0.9851	
737756.145950296	0	0	5	179	-30	-61	-326	1837	0	0	0	1360	-2624	1957	349	0.1881	-0.1544	0.0875	-0.9644	1	2	1	0	95	16	981	5.81	-21.32	14.96	736	-2114	1432	506	0.1589	-0.0516	-0.0175	-0.985	
737756.14595084	0	0	34	79	30	-39	-499	1905	0	0	0	1435	-2340	2301	350	0.1983	-0.0661	0.0793	-0.9736	1	0	1	0	108	54	980	5.96	-21.47	14.51	736	-2114	1432	509	0.1595	-0.0508	-0.0231	-0.9848	
737756.145951384	0	0	-1	14	-24	-6	3	1754	0	0	0	1314	-2255	2443	350	0.1944	-0.0308	0.0699	-0.9768	1	2	-4	0	108	51	955	5.81	-21.32	15.26	736	-2114	1432	509	0.1595	-0.0513	-0.0267	-0.9847	
737756.145951927	0	0	47	-8	10	119	-242	1117	0	0	0	1314	-2255	2563	348	0.198	-0.0384	0.0543	-0.977	1	2	-3	4	117	43	939	7.16	-22.67	15.41	736	-2114	1432	504	0.1614	-0.054	-0.0294	-0.9841	
737756.145952341	0	0	8	3	-8	132	-63	1044	0	0	0	1329	-2210	2428	346	0.1984	-0.052	0.0498	-0.9766	1	1	-1	4	93	-19	950	5.81	-21.92	14.36	736	-2114	1432	493	0.1642	-0.0549	-0.022	-0.9838	
737756.145952879	0	0	-8	-14	7	125	-202	1003	0	0	0	1389	-2270	2518	346	0.2041	-0.0657	0.0521	-0.9744	1	-2	2	3	90	-38	949	7.91	-21.62	14.66	736	-2114	1432	482	0.1661	-0.0551	-0.0091	-0.9837	
737756.145953606	0	0	-17	-10	4	119	-31	1068	0	0	0	1164	-2375	2563	345	0.2034	-0.0656	0.0288	-0.9756	1	-1	0	-2	79	-45	997	6.86	-21.17	14.51	736	-2114	1432	483	0.164	-0.0521	0.004	-0.9842	
737756.14595415	0	0	9	0	-5	132	-139	931	0	0	0	1224	-2315	2593	345	0.21	-0.076	0.0493	-0.9726	1	-2	0	8	107	16	983	5.81	-21.02	14.96	736	-2114	1432	463	0.1604	-0.053	-0.0073	-0.9848	
737756.145954693	0	0	-5	-2	5	97	-33	1050	0	0	0	1314	-2315	2563	344	0.2145	-0.0558	0.0208	-0.9741	1	2	-5	3	91	-2	981	6.11	-21.92	15.86	736	-2114	1432	453	0.1641	-0.0517	-0.0106	-0.9842	
737756.145955237	0	0	1	-5	3	91	-130	1021	0	0	0	1239	-2360	2548	344	0.2194	-0.0544	0.0339	-0.9727	1	-9	-5	3	114	25	977	6.26	-22.07	14.21	736	-2114	1432	431	0.1639	-0.0534	-0.0141	-0.9841	
737756.145955955	0	0	1	0	5	114	-109	1031	0	0	0	1329	-2330	2458	343	0.2252	-0.0625	0.0352	-0.9708	1	-9	42	22	66	1	815	6.26	-22.07	14.21	746	-1907	1661	383	0.1773	-0.0513	-0.0097	-0.9819	
737756.145956499	0	0	2	1	0	123	-117	1019	0	0	0	1344	-2255	2473	343	0.2272	-0.0661	0.041	-0.9699	1	49	0	10	-74	-59	1094	7.31	-19.52	16.46	746	-1907	1661	383	0.1829	-0.0337	-0.0053	-0.9816	
737756.145957044	0	0	-5	1	-1	113	-77	1061	0	0	0	1329	-2450	2488	343	0.2263	-0.0652	0.0334	-0.9705	1	-16	-14	-10	91	-17	995	7.61	-20.72	17.06	746	-1907	1661	383	0.1826	-0.0322	0.0006	-0.9818	
737756.145957587	0	0	5	4	-4	101	-95	1029	0	0	0	1374	-2465	2383	344	0.2291	-0.0624	0.0367	-0.9699	1	5	2	0	79	26	884	7.31	-21.02	15.26	746	-1907	1661	383	0.179	-0.0423	-0.0038	-0.9821	
737756.145958016	0	0	3	0	-1	120	-45	1010	0	0	0	1359	-2240	2518	343	0.2293	-0.0614	0.0261	-0.9702	1	18	7	1	85	17	1006	7.91	-19.52	15.56	746	-1907	1661	383	0.1799	-0.0412	-0.0109	-0.9819	
737756.145958444	0	0	-10	-1	1	108	-61	1037	0	0	0	1119	-2330	2398	343	0.231	-0.0581	0.0227	-0.9701	1	18	7	1	85	17	1006	7.91	-19.52	15.56	746	-1907	1661	383	0.1799	-0.0412	-0.0109	-0.9819	
737756.145958979	0	0	12	5	1	102	-72	1045	0	0	0	1359	-2300	2548	341	0.2344	-0.056	0.0258	-0.9693	1	2	4	4	128	28	926	5.96	-20.87	16.01	746	-1907	1661	383	0.1778	-0.0472	-0.0181	-0.9819	
737756.145959528	0	0	-3	-1	2	106	-69	1020	0	0	0	1284	-2345	2503	343	0.234	-0.0564	0.0214	-0.9695	1	0	0	5	50	0	1014	7.46	-21.17	16.01	746	-1907	1661	383	0.18	-0.0426	-0.0154	-0.9818	
737756.145960065	0	0	8	6	0	99	-65	1057	0	0	0	1299	-2270	2518	343	0.2355	-0.0564	0.0249	-0.9691	1	-24	-10	-3	72	59	1000	7.91	-21.02	15.86	746	-1907	1661	383	0.1814	-0.0385	-0.0133	-0.9817	
737756.145960609	0	0	-6	-4	3	100	-93	996	0	0	0	1179	-2300	2548	344	0.2363	-0.0574	0.0221	-0.9689	1	35	-17	-18	57	-78	994	7.01	-20.12	14.96	746	-1907	1661	434	0.1787	-0.038	-0.0018	-0.9823	
737756.145961152	0	0	-2	4	-1	102	-54	1037	0	0	0	1314	-2375	2503	345	0.2347	-0.059	0.0248	-0.9691	1	-22	21	1	125	146	949	7.01	-20.12	14.96	581	-2102	1436	467	0.1698	-0.0479	-0.0355	-0.9828	
737756.145961691	0	0	2	-2	4	94	-107	999	0	0	0	1254	-2255	2563	344	0.2404	-0.0552	0.0267	-0.9679	1	12	-15	-6	2	33	957	7.01	-20.12	14.96	536	-2177	1571	493	0.1685	-0.029	-0.0159	-0.9843	
737756.14596224	0	0	-6	2	-1	89	-41	1098	0	0	0	1224	-2225	2533	344	0.2345	-0.053	0.0223	-0.9696	1	0	-1	5	71	-44	950	5.21	-20.42	14.36	536	-2177	1571	507	0.1643	-0.034	-0.0014	-0.985	
737756.145962783	0	0	6	-1	1	99	-115	964	0	0	0	1284	-2255	2593	344	0.2372	-0.0538	0.0247	-0.9688	1	-3	-3	-4	33	11	951	6.41	-19.52	14.66	536	-2177	1571	517	0.1661	-0.0267	-0.0087	-0.9849	
737756.145963328	0	0	-7	4	-3	95	-32	1093	0	0	0	1254	-2285	2683	344	0.2362	-0.0545	0.0228	-0.969	1	0	-2	-5	86	103	974	6.11	-21.62	16.16	536	-2177	1571	524	0.1638	-0.0326	-0.0229	-0.9848	
737756.145963744	0	0	-6	-7	3	83	-104	1084	0	0	0	1284	-2285	2593	344	0.237	-0.0522	0.0246	-0.9689	1	-1	-1	-1	90	69	1006	6.26	-21.77	15.41	536	-2177	1571	527	0.163	-0.0334	-0.0303	-0.9848	
737756.145964257	0	0	7	5	-7	27	-58	1296	0	0	0	1284	-2195	2503	345	0.2356	-0.0401	0.0293	-0.9697	1	0	-2	0	109	41	940	7.61	-21.62	15.86	536	-2177	1571	525	0.1656	-0.0423	-0.0222	-0.9842	
737756.145964799	0	0	5	-21	4	-15	-61	1600	0	0	0	1239	-2390	2608	345	0.2351	-0.0268	0.0208	-0.9705	1	-1	0	0	89	12	968	5.21	-21.32	14.66	536	-2177	1571	524	0.1641	-0.0445	-0.0228	-0.9843	
737756.145965527	0	0	22	-92	-10	-31	15	1917	0	0	0	1074	-2525	2443	345	0.2288	-0.0265	0.008	-0.9722	1	0	-5	-1	97	47	967	6.86	-21.77	14.81	536	-2177	1571	520	0.1628	-0.0448	-0.0244	-0.9845	
737756.145966071	0	0	31	-153	8	-31	-74	1895	0	0	0	1044	-2585	2473	345	0.2264	-0.0358	-0.0041	-0.9725	1	0	4	1	60	-12	955	6.11	-20.12	14.96	536	-2177	1571	515	0.163	-0.0444	-0.0217	-0.9845	
737756.145966614	0	0	31	-153	8	-31	-74	1895	0	0	0	1044	-2585	2473	345	0.2264	-0.0358	-0.0041	-0.9725	1	6	0	0	83	23	947	6.56	-21.17	14.51	536	-2177	1571	514	0.1635	-0.0446	-0.0225	-0.9845	
737756.14596715	0	0	3	-285	14	85	-36	1269	0	0	0	714	-3094	1573	344	0.2152	-0.1032	-0.0236	-0.9699	1	6	0	0	83	23	947	6.56	-21.17	14.51	536	-2177	1571	514	0.1635	-0.0446	-0.0225	-0.9845	
737756.145967693	0	0	3	-285	14	85	-36	1269	0	0	0	714	-3094	1573	344	0.2152	-0.1032	-0.0236	-0.9699	1	6	0	0	83	23	947	6.56	-21.17	14.51	536	-2177	1571	514	0.1635	-0.0446	-0.0225	-0.9845	
737756.14596824	0	0	3	-285	14	85	-36	1269	0	0	0	714	-3094	1573	344	0.2152	-0.1032	-0.0236	-0.9699	1	6	0	0	83	23	947	6.56	-21.17	14.51	536	-2177	1571	514	0.1635	-0.0446	-0.0225	-0.9845	
737756.145968779	0	0	3	-285	14	85	-36	1269	0	0	0	714	-3094	1573	344	0.2152	-0.1032	-0.0236	-0.9699	1	6	0	0	83	23	947	6.56	-21.17	14.51	536	-2177	1571	514	0.1635	-0.0446	-0.0225	-0.9845	
737756.145969323	0	0	3	-285	14	85	-36	1269	0	0	0	714	-3094	1573	344	0.2152	-0.1032	-0.0236	-0.9699	1	-4	0	2	65	-9	989	6.86	-21.17	16.31	536	-2177	1571	511	0.1682	-0.0419	-0.0093	-0.984	
737756.145969716	0	0	3	-285	14	85	-36	1269	0	0	0	714	-3094	1573	344	0.2152	-0.1032	-0.0236	-0.9699	1	-4	0	2	65	-9	989	6.86	-21.17	16.31	536	-2177	1571	511	0.1682	-0.0419	-0.0093	-0.984	
737756.145970225	0	0	3	-285	14	85	-36	1269	0	0	0	714	-3094	1573	344	0.2152	-0.1032	-0.0236	-0.9699	1	-4	0	2	65	-9	989	6.86	-21.17	16.31	536	-2177	1571	511	0.1682	-0.0419	-0.0093	-0.984	
737756.14597077	0	0	3	-285	14	85	-36	1269	0	0	0	714	-3094	1573	344	0.2152	-0.1032	-0.0236	-0.9699	1	-4	0	2	65	-9	989	6.86	-21.17	16.31	536	-2177	1571	511	0.1682	-0.0419	-0.0093	-0.984	
737756.145971314	0	0	-41	129	22	636	-130	-484	0	0	0	617	-2196	-3150	352	0.1217	-0.707	-0.0721	-0.6915	1	0	-7	-5	82	34	1020	5.81	-20.42	15.26	536	-2177	1571	513	0.1599	-0.04	-0.0144	-0.9854	
737756.145971858	0	0	13	159	-20	434	73	-801	0	0	0	632	-2511	-2655	350	0.1149	-0.7216	-0.0622	-0.6783	1	0	-3	0	98	55	959	5.36	-21.17	15.41	536	-2177	1571	513	0.1609	-0.0426	-0.0237	-0.9849	
737756.145972393	0	0	40	306	-22	342	50	-861	0	0	0	632	-3111	-2055	346	0.1065	-0.7169	-0.0793	-0.6828	1	-2	-1	-1	78	4	965	6.56	-20.27	16.31	536	-2177	1571	512	0.1637	-0.0426	-0.0155	-0.9846	
737756.14597312	0	0	-105	339	11	78	-67	-52	0	0	0	452	-3351	-1074	345	0.0804	-0.6708	-0.0689	-0.7324	1	-3	-2	0	83	1	970	7.91	-20.12	15.26	536	-2177	1571	509	0.1658	-0.0409	-0.0116	-0.9844	
737756.145973664	0	0	-23	407	40	-232	-93	925	0	0	0	676	-3726	80	344	0.1151	-0.4755	0.0025	-0.8701	1	-3	-2	-4	86	28	965	5.81	-21.02	15.86	536	-2177	1571	507	0.1621	-0.04	-0.01	-0.9851	
737756.145974208	0	0	-3	311	32	-111	-119	1526	0	0	0	883	-3394	869	348	0.1318	-0.277	0.0365	-0.9493	1	-1	-2	0	91	21	959	6.56	-20.87	16.01	536	-2177	1571	507	0.1612	-0.0422	-0.0134	-0.9851	
737756.145974744	0	0	28	266	34	-85	-277	1827	0	0	0	1108	-2989	1693	348	0.1509	-0.055	0.0592	-0.9843	1	-3	2	-3	87	29	949	6.71	-20.42	16.46	536	-2177	1571	503	0.1614	-0.043	-0.0142	-0.985	
737756.145975286	0	0	-28	99	-3	-23	-87	2064	0	0	0	1039	-2633	2146	345	0.1499	0.0271	0.0631	-0.9854	1	1	0	0	75	7	974	7.01	-20.72	16.16	536	-2177	1571	497	0.1662	-0.0431	-0.0175	-0.9842	
737756.145975793	0	0	37	81	12	-26	-422	1516	0	0	0	1234	-2468	2431	348	0.1562	0.0286	0.0744	-0.9836	1	1	0	-4	99	35	963	5.36	-19.97	15.71	536	-2177	1571	496	0.1659	-0.0429	-0.0179	-0.9842	
737756.145976338	0	0	-4	36	5	-81	71	2030	0	0	0	1279	-2243	2565	346	0.1582	0.0443	0.0417	-0.9846	1	2	-3	0	72	1	986	5.07	-20.27	14.81	536	-2177	1571	494	0.1679	-0.0418	-0.0196	-0.9839	
737756.145976882	0	0	6	-45	28	54	-237	1323	0	0	0	1339	-2063	2715	344	0.1785	0.0061	0.049	-0.9817	1	-1	2	1	109	63	946	5.81	-20.72	14.36	536	-2177	1571	492	0.1628	-0.043	-0.0273	-0.9845	
737756.145977418	0	0	3	-5	7	158	-51	982	0	0	0	1339	-2363	2595	344	0.1856	-0.0564	0.0441	-0.9791	1	3	-1	1	70	-16	952	6.86	-20.57	15.41	536	-2177	1571	487	0.1661	-0.0421	-0.0201	-0.9842	
737756.145977961	0	0	-1	-11	6	145	-231	1014	0	0	0	1414	-2228	2550	344	0.1999	-0.0763	0.0648	-0.9738	1	0	0	0	102	19	949	5.21	-21.02	15.26	536	-2177	1571	486	0.1638	-0.0458	-0.0185	-0.9844	
737756.145978503	0	0	-8	-7	-2	117	-15	1015	0	0	0	1249	-2273	2595	344	0.1989	-0.0723	0.0373	-0.9757	1	-1	3	1	73	-18	999	5.81	-21.02	14.36	536	-2177	1571	475	0.1633	-0.0432	-0.0103	-0.9847	
737756.145979046	0	0	0	-12	3	114	-160	972	0	0	0	1354	-2348	2521	344	0.2091	-0.0688	0.0425	-0.9737	1	-9	2	1	86	10	1013	6.26	-20.87	16.01	536	-2177	1571	467	0.1622	-0.0388	-0.0087	-0.9851	
737756.14597959	0	0	-8	-2	2	115	17	980	0	0	0	1249	-2243	2476	344	0.2119	-0.0655	0.0164	-0.974	1	0	-6	4	52	-20	989	7.31	-19.52	16.16	536	-2177	1571	452	0.1696	-0.0357	-0.0036	-0.984	
737756.14598014	0	0	-5	-2	9	105	-136	1019	0	0	0	1369	-2333	2416	342	0.2235	-0.0604	0.0325	-0.9714	1	-4	-4	-1	58	3	959	7.31	-19.52	16.16	656	-1997	1511	425	0.1685	-0.0349	-0.0015	-0.9843	
737756.145980678	0	0	0	0	4	112	-41	1041	0	0	0	1354	-2258	2521	341	0.2262	-0.0601	0.0262	-0.971	1	-17	34	9	145	144	916	7.31	-19.52	16.16	701	-2072	1496	383	0.1693	-0.0386	-0.0248	-0.9836	
737756.145981094	0	0	-3	-4	5	124	-134	973	0	0	0	1384	-2348	2461	342	0.2335	-0.069	0.036	-0.9684	1	24	-3	19	-73	-30	921	7.91	-18.02	16.16	701	-2072	1496	382	0.179	-0.0222	0.0024	-0.9826	
737756.145981606	0	0	3	2	2	127	-72	1052	0	0	0	1279	-2213	2446	341	0.2354	-0.0674	0.0313	-0.9682	1	-10	-33	-18	39	65	1064	5.07	-19.97	17.21	701	-2072	1496	383	0.1758	-0.014	-0.0103	-0.9834	
737756.145982148	0	0	-2	0	0	109	-100	1058	0	0	0	1264	-2198	2670	343	0.2387	-0.0623	0.0332	-0.9677	1	-15	5	0	125	11	884	6.71	-22.52	14.96	701	-2072	1496	383	0.1702	-0.0399	-0.0092	-0.9837	
737756.145982692	0	0	3	-2	0	126	-68	1019	0	0	0	1309	-2303	2535	342	0.2413	-0.0628	0.0267	-0.9672	1	16	-12	-1	47	8	1030	6.41	-21.02	16.16	701	-2072	1496	383	0.172	-0.0377	-0.0108	-0.9835	
737756.145983236	0	0	-2	-1	0	125	-71	995	0	0	0	1219	-2243	2565	342	0.2425	-0.0665	0.021	-0.9668	1	-11	-9	-2	110	35	913	7.46	-21.77	15.41	701	-2072	1496	383	0.1715	-0.0476	-0.018	-0.983	
737756.14598378	0	0	8	4	0	114	-34	1069	0	0	0	1159	-2273	2625	343	0.2436	-0.0612	0.0148	-0.967	1	9	8	7	105	16	916	5.96	-21.17	15.41	701	-2072	1496	383	0.1726	-0.0543	-0.0213	-0.9824	
737756.145984324	0	0	-9	-4	0	117	-101	1000	0	0	0	1324	-2348	2491	342	0.2462	-0.061	0.0228	-0.9662	1	-8	-16	-5	57	4	982	6.71	-21.02	15.26	701	-2072	1496	383	0.1733	-0.0367	-0.01	-0.9833	
737756.145984869	0	0	0	3	-2	110	-47	1064	0	0	0	1429	-2243	2535	344	0.2471	-0.0605	0.0225	-0.966	1	0	-1	3	107	21	876	6.86	-21.47	14.51	701	-2072	1496	383	0.1715	-0.046	-0.0161	-0.9831	
737756.145985403	0	0	0	-1	0	115	-75	954	0	0	0	1264	-2288	2491	343	0.2499	-0.0637	0.0197	-0.9651	1	-29	-20	-3	41	210	1158	7.46	-22.07	15.11	701	-2072	1496	383	0.1728	-0.0331	-0.0215	-0.9832	
737756.145985945	0	0	-3	3	-1	111	-15	1068	0	0	0	1159	-2273	2535	344	0.2497	-0.0593	0.0105	-0.9656	1	70	-31	-29	7	29	1051	5.66	-21.17	14.51	701	-2072	1496	432	0.1697	-0.0366	-0.0032	-0.9839	
737756.145986673	0	0	-2	5	-4	114	-86	968	0	0	0	1324	-2318	2640	343	0.2517	-0.0642	0.0252	-0.9645	1	-30	18	4	121	-32	919	5.66	-21.17	14.51	671	-2162	1436	453	0.162	-0.0547	-0.021	-0.9842	
737756.145987068	0	0	0	8	0	99	-15	1084	0	0	0	1264	-2348	2550	344	0.2496	-0.0558	0.0117	-0.9658	1	11	-7	-1	117	127	990	5.66	-21.17	14.51	507	-2027	1451	459	0.1617	-0.0498	-0.0332	-0.9841	
737756.145987576	0	0	1	-2	0	106	-105	969	0	0	0	1369	-2273	2476	344	0.2548	-0.0582	0.0241	-0.9641	1	0	3	3	43	21	929	6.71	-21.92	14.66	507	-2027	1451	478	0.1636	-0.0346	-0.0414	-0.9842	
737756.145988123	0	0	1	4	2	108	-25	1061	0	0	0	1264	-2198	2610	345	0.2526	-0.0551	0.0097	-0.9651	1	-6	3	-6	108	-88	955	6.71	-21.02	14.66	507	-2027	1451	494	0.1689	-0.037	-0.0225	-0.9838	
737756.145988664	0	0	-4	1	-1	108	-125	992	0	0	0	1264	-2228	2550	344	0.255	-0.0606	0.0282	-0.9637	1	7	-3	-1	121	71	978	6.11	-22.22	15.26	507	-2027	1451	515	0.1659	-0.0437	-0.0328	-0.9838	
737756.145989208	0	0	1	4	0	94	-29	1083	0	0	0	1324	-2318	2550	345	0.2525	-0.0534	0.0157	-0.9651	1	-6	5	0	102	65	970	5.07	-20.87	15.71	507	-2027	1451	520	0.1636	-0.0483	-0.0293	-0.9841	
737756.145989751	0	0	-5	2	-2	86	-113	1133	0	0	0	1369	-2213	2535	344	0.2527	-0.0485	0.0245	-0.9652	1	6	-4	0	89	5	996	7.61	-20.72	14.66	507	-2027	1451	525	0.1658	-0.0464	-0.0218	-0.984	
737756.145990286	0	0	0	-8	0	45	-48	1345	0	0	0	1219	-2273	2535	345	0.2506	-0.0351	0.0167	-0.9665	1	-6	3	1	114	43	960	7.01	-20.72	14.36	507	-2027	1451	525	0.1679	-0.0485	-0.0205	-0.9836	
737756.145990835	0	0	6	-34	-5	26	-117	1474	0	0	0	1294	-2258	2521	347	0.2482	-0.034	0.0231	-0.967	1	-4	4	0	74	-38	998	6.11	-20.72	15.86	507	-2027	1451	527	0.1686	-0.0442	-0.0137	-0.9838	
737756.14599138	0	0	-1	-62	-13	-71	-53	2067	0	0	0	1219	-2453	2326	348	0.2402	-0.0233	0.0203	-0.9693	1	0	-1	0	103	62	953	6.11	-21.92	14.96	507	-2027	1451	527	0.163	-0.0473	-0.0253	-0.9843	
737756.145991916	0	0	70	-179	11	-21	-72	1990	0	0	0	1129	-2603	2326	349	0.2375	-0.0399	-0.0145	-0.9696	1	-3	3	0	104	57	944	6.11	-21.32	14.96	507	-2027	1451	523	0.1647	-0.0461	-0.0237	-0.9841	
737756.14599246	0	0	9	-257	2	70	-38	1518	0	0	0	934	-2917	1921	348	0.2288	-0.0987	-0.0273	-0.9672	1	6	-3	0	87	22	941	5.51	-21.32	16.46	507	-2027	1451	524	0.1646	-0.0444	-0.0242	-0.9842	
737756.145992853	0	0	46	-292	11	117	-118	1153	0	0	0	739	-3232	1366	348	0.2186	-0.1502	-0.0358	-0.9626	1	4	1	2	101	35	929	5.66	-21.47	15.11	507	-2027	1451	526	0.1643	-0.048	-0.0271	-0.984	
737756.145993363	0	0	-4	-325	11	134	-163	745	0	0	0	799	-3532	677	347	0.2106	-0.2088	-0.0255	-0.9536	1	1	2	3	72	-15	983	5.81	-21.02	17.06	507	-2027	1451	526	0.1656	-0.046	-0.0192	-0.9841	
737756.145993907	0	0	-39	-329	5	148	-25	312	0	0	0	669	-3470	-479	349	0.1895	-0.3128	-0.0175	-0.9296	1	3	0	2	79	1	986	6.56	-21.47	16.61	507	-2027	1451	527	0.1642	-0.0427	-0.0155	-0.9846	
737756.14599445	0	0	-77	-331	-4	248	-5	-45	0	0	0	534	-3214	-1430	352	0.1607	-0.4537	-0.0282	-0.875	1	-2	0	0	82	28	965	6.41	-20.12	15.86	507	-2027	1451	530	0.1636	-0.0426	-0.0152	-0.9847	
737756.145994986	0	0	23	-266	-31	281	71	-514	0	0	0	249	-2870	-2135	353	0.1214	-0.6336	-0.0575	-0.7605	1	3	-4	0	84	0	975	6.71	-21.02	14.96	507	-2027	1451	535	0.1643	-0.0427	-0.0138	-0.9846	
737756.145995529	0	0	-17	-231	12	286	342	-1224	0	0	0	474	-2195	-2809	357	0.0666	-0.7743	-0.1052	-0.6185	1	-2	0	1	90	26	942	5.81	-21.32	15.26	507	-2027	1451	537	0.162	-0.044	-0.0158	-0.9848	
737756.145996256	0	0	-6	17	3	570	243	-1322	0	0	0	444	-1991	-3041	356	0.0629	-0.855	-0.1314	-0.4956	1	1	0	-4	55	-16	977	5.81	-21.02	14.66	507	-2027	1451	538	0.1602	-0.037	-0.0059	-0.9855	
737756.1459968	0	0	-54	88	29	773	154	-254	0	0	0	429	-2126	-2996	354	0.0338	-0.8476	-0.1252	-0.5126	1	0	0	-4	64	25	1015	5.96	-21.77	14.81	507	-2027	1451	538	0.1545	-0.0336	-0.0128	-0.9865	
737756.145997344	0	0	-36	89	27	908	-13	-177	0	0	0	414	-2141	-2922	353	0.0488	-0.7964	-0.0978	-0.5934	1	-2	0	-1	75	51	986	5.51	-20.42	15.56	507	-2027	1451	536	0.1541	-0.0349	-0.0209	-0.9864	
737756.145998062	0	0	12	128	-9	767	-41	-427	0	0	0	459	-2515	-2517	348	0.0789	-0.7881	-0.0749	-0.6044	1	0	-3	-4	90	53	940	6.56	-20.27	15.71	507	-2027	1451	528	0.153	-0.0394	-0.0248	-0.9863	
737756.145998606	0	0	-12	147	5	649	-7	-493	0	0	0	429	-2785	-2277	347	0.0698	-0.7844	-0.0767	-0.6101	1	-1	0	0	100	33	970	6.11	-20.42	14.36	507	-2027	1451	522	0.1555	-0.0449	-0.0276	-0.9856	
737756.145999126	0	0	10	253	-1	497	43	-464	0	0	0	448	-2873	-1729	345	0.0689	-0.7747	-0.0748	-0.6225	1	0	-6	-1	80	15	993	6.26	-21.17	16.31	507	-2027	1451	512	0.1559	-0.0431	-0.0207	-0.9858	
737756.14599967	0	0	-18	299	4	236	146	-110	0	0	0	463	-3128	-739	343	0.0461	-0.7397	-0.0981	-0.6624	1	-5	-3	1	82	9	990	7.16	-20.57	16.31	507	-2027	1451	507	0.1561	-0.0439	-0.0168	-0.9858	
737756.146000214	0	0	-32	342	37	109	93	355	0	0	0	643	-3368	39	345	0.0405	-0.5715	-0.0908	-0.8124	1	-11	0	-1	80	17	973	6.26	-21.17	14.81	507	-2027	1451	489	0.154	-0.0416	-0.0101	-0.9863	
737756.146000749	0	0	-64	299	45	6	-283	916	0	0	0	851	-3125	988	345	0.079	-0.3637	-0.0258	-0.9259	1	-3	-4	2	76	-2	954	4.47	-21.47	15.11	507	-2027	1451	486	0.1523	-0.0444	-0.0106	-0.9864	
737756.146001297	0	0	29	280	35	-150	-27	1755	0	0	0	1016	-2780	1572	347	0.1083	-0.1753	0.0203	-0.9766	1	-1	-4	1	100	29	968	5.81	-21.32	15.86	507	-2027	1451	480	0.1532	-0.0482	-0.0135	-0.9861	
737756.14600202	0	0	5	154	-15	13	-201	1628	0	0	0	1318	-2475	2064	346	0.1379	-0.0194	0.1074	-0.9835	1	-5	0	3	97	12	989	7.31	-21.62	15.56	507	-2027	1451	467	0.1597	-0.0468	-0.0167	-0.9851	
737756.146002564	0	0	29	107	49	-30	-355	1967	0	0	0	1363	-2130	2468	345	0.1544	0.0265	0.0763	-0.9838	1	-1	-5	-2	104	38	952	6.41	-20.72	15.26	507	-2027	1451	457	0.1599	-0.0478	-0.0158	-0.985	
737756.1460031	0	0	21	30	-43	-48	-16	1670	0	0	0	1318	-1785	2633	344	0.1543	0.0174	0.0741	-0.984	1	-3	1	-3	93	7	949	7.01	-21.92	14.96	507	-2027	1451	456	0.1604	-0.0525	-0.0151	-0.9847	
737756.146003838	0	0	56	6	18	33	-338	1317	0	0	0	1468	-1905	2663	344	0.1829	-0.0004	0.0687	-0.9797	1	7	-2	4	129	42	937	6.71	-20.72	14.06	507	-2027	1451	451	0.1604	-0.0591	-0.0247	-0.9841	
737756.146004254	0	0	14	-10	3	91	-10	1153	0	0	0	1348	-1875	2573	342	0.1905	-0.0253	0.0385	-0.9797	1	0	-1	-1	90	-12	979	5.51	-21.92	14.96	507	-2027	1451	446	0.1611	-0.0549	-0.0179	-0.9844	
737756.146004719	0	0	-6	-24	13	133	-187	1000	0	0	0	1258	-1845	2693	342	0.2075	-0.0597	0.0549	-0.9739	1	-13	6	1	132	41	955	6.26	-21.47	14.51	507	-2027	1451	442	0.1592	-0.0539	-0.0157	-0.9848	
737756.146005261	0	0	6	-1	-2	132	-62	1031	0	0	0	1348	-1935	2783	341	0.2141	-0.0767	0.0506	-0.9715	1	4	-6	4	77	-56	977	5.66	-21.17	15.71	507	-2027	1451	435	0.1608	-0.0525	-0.005	-0.9847	
737756.146005804	0	0	-2	-18	11	104	-77	1004	0	0	0	1333	-1920	2708	342	0.2268	-0.063	0.0323	-0.9705	1	-4	-15	2	100	7	985	5.66	-21.17	15.71	701	-2162	1316	404	0.1606	-0.0519	-0.007	-0.9848	
737756.146006349	0	0	-14	-1	-4	101	-58	961	0	0	0	1333	-1860	2648	342	0.2351	-0.0712	0.0453	-0.9674	1	-12	21	22	111	-59	893	5.66	-21.17	15.71	821	-2162	1496	383	0.1677	-0.0622	-0.0056	-0.983	
737756.146006892	0	0	2	-7	9	103	-62	1001	0	0	0	1363	-1980	2648	341	0.2484	-0.0545	0.0215	-0.966	1	20	-6	0	2	17	1104	7.76	-20.87	15.41	821	-2162	1496	383	0.1742	-0.0261	-0.0082	-0.9835	
737756.146007437	0	0	-16	3	-4	123	-53	991	0	0	0	1303	-2070	2618	344	0.25	-0.0709	0.0321	-0.9642	1	-23	-7	-5	58	3	947	7.01	-21.02	14.96	821	-2162	1496	383	0.1717	-0.0386	-0.0031	-0.9836	
737756.146007979	0	0	23	0	5	109	-55	1082	0	0	0	1303	-2010	2618	342	0.2559	-0.0587	0.0187	-0.9639	1	17	5	6	153	1	918	7.46	-20.87	14.51	821	-2162	1496	383	0.1776	-0.0603	-0.0082	-0.9814	
737756.146008515	0	0	-17	0	-4	130	-59	964	0	0	0	1288	-1935	2543	343	0.2625	-0.0693	0.0259	-0.9612	1	-7	-10	-5	102	19	996	6.86	-21.47	15.71	821	-2162	1496	383	0.1784	-0.0465	-0.0108	-0.982	
737756.146009063	0	0	14	1	4	103	-93	1052	0	0	0	1348	-1995	2603	342	0.2702	-0.0592	0.0266	-0.9598	1	6	1	6	117	3	908	8.36	-19.97	15.11	821	-2162	1496	383	0.1798	-0.056	-0.0137	-0.9812	
737756.146009786	0	0	-13	0	-2	125	-37	997	0	0	0	1303	-1920	2558	342	0.2728	-0.0648	0.0179	-0.9589	1	-12	-14	-7	53	6	1082	7.76	-19.97	14.81	821	-2162	1496	383	0.1811	-0.0378	-0.0035	-0.9819	
737756.146010203	0	0	-11	0	2	117	-88	1044	0	0	0	1423	-1980	2618	342	0.2759	-0.0648	0.0233	-0.9578	1	-32	-14	4	151	111	996	7.76	-22.37	16.01	821	-2162	1496	408	0.1783	-0.048	-0.0208	-0.9817	
737756.146010715	0	0	9	6	-4	127	-50	1010	0	0	0	1318	-2085	2633	342	0.2765	-0.0672	0.0224	-0.9575	1	45	-19	-32	151	52	1081	7.76	-22.37	16.01	701	-2132	1496	429	0.1733	-0.0469	-0.0049	-0.9829	
737756.146011256	0	0	-8	-3	3	108	-86	1041	0	0	0	1378	-1995	2573	344	0.2814	-0.058	0.0166	-0.9568	1	-22	21	2	127	19	925	7.76	-22.37	16.01	551	-2162	1496	453	0.1682	-0.0559	-0.0255	-0.983	
737756.146011794	0	0	3	7	-2	113	-65	1009	0	0	0	1318	-1845	2633	344	0.2835	-0.0623	0.0228	-0.9558	1	16	-14	-4	129	-127	982	7.76	-22.37	16.01	641	-2132	1646	479	0.1708	-0.0623	0.003	-0.9825	
737756.146012344	0	0	1	-2	6	96	-82	1046	0	0	0	1333	-1800	2618	344	0.289	-0.0508	0.0151	-0.955	1	-8	0	-6	196	134	962	5.66	-20.87	15.11	641	-2132	1646	495	0.1634	-0.0787	-0.0265	-0.9821	
737756.146012879	0	0	-8	6	-2	114	-61	1006	0	0	0	1303	-2010	2708	345	0.2868	-0.0633	0.0191	-0.9548	1	-5	8	-1	25	20	944	7.01	-21.32	14.66	641	-2132	1646	511	0.1655	-0.0641	-0.0101	-0.9832	
737756.146013606	0	0	-4	1	0	94	-118	984	0	0	0	1408	-1935	2633	345	0.2937	-0.0583	0.0332	-0.9527	1	-3	5	1	135	-3	933	5.51	-20.72	14.66	641	-2132	1646	543	0.1607	-0.0603	-0.0234	-0.984	
737756.146014149	0	0	0	4	1	75	-58	1232	0	0	0	1393	-1860	2708	345	0.2926	-0.0429	0.0228	-0.9541	1	-2	2	-1	118	30	938	6.26	-20.27	14.81	641	-2132	1646	542	0.1618	-0.0559	-0.0217	-0.9842	
737756.146014693	0	0	-3	-11	4	25	-149	1324	0	0	0	1318	-1875	2723	345	0.2948	-0.0334	0.0328	-0.9535	1	9	-2	-1	98	37	960	5.81	-20.72	16.76	641	-2132	1646	543	0.1608	-0.0523	-0.025	-0.9845	
737756.146015411	0	0	15	-43	-5	-3	-62	1837	0	0	0	1168	-1875	2723	346	0.2866	-0.0213	0.0192	-0.9567	1	-4	10	2	75	21	988	5.07	-21.47	14.81	641	-2132	1646	543	0.1612	-0.0462	-0.0279	-0.9846	
737756.146015837	0	0	37	-105	-4	4	-95	1813	0	0	0	1258	-1875	2543	347	0.2835	-0.0308	0.0087	-0.9576	1	5	-1	0	87	54	950	6.26	-20.57	16.31	641	-2132	1646	546	0.1616	-0.0415	-0.0286	-0.9847	
737756.146016291	0	0	53	-145	2	45	18	1752	0	0	0	988	-2235	2363	347	0.2744	-0.0469	-0.0274	-0.9592	1	0	2	-1	82	20	932	6.11	-21.92	15.26	641	-2132	1646	545	0.1608	-0.0397	-0.0252	-0.985	
737756.146016826	0	0	3	-223	1	113	-82	1433	0	0	0	838	-2475	1944	347	0.2645	-0.0937	-0.0294	-0.9585	1	4	6	1	87	27	940	5.96	-22.37	15.41	641	-2132	1646	543	0.1616	-0.0392	-0.0265	-0.9849	
737756.146017553	0	0	19	-252	10	160	-75	997	0	0	0	629	-2984	1254	345	0.2422	-0.1657	-0.0461	-0.9539	1	1	7	0	69	36	990	6.56	-21.47	16.61	641	-2132	1646	543	0.1635	-0.0334	-0.0219	-0.9849	
737756.146018097	0	0	-38	-298	10	202	-19	693	0	0	0	554	-3149	490	346	0.2188	-0.2332	-0.0519	-0.9451	1	0	5	2	67	35	993	5.21	-19.82	17.06	641	-2132	1646	539	0.1643	-0.0319	-0.0248	-0.9848	
737756.146018642	0	0	-48	-322	5	231	-58	329	0	0	0	639	-3185	-334	347	0.1984	-0.3181	-0.0449	-0.9251	1	1	0	-1	71	51	987	4.92	-20.42	16.16	641	-2132	1646	541	0.159	-0.0325	-0.0267	-0.9856	
737756.146019177	0	0	-58	-304	-5	331	27	-5	0	0	0	459	-2766	-1294	347	0.1628	-0.4924	-0.0613	-0.8517	1	0	1	1	79	62	980	4.32	-20.72	16.46	641	-2132	1646	542	0.157	-0.0324	-0.0326	-0.9857	
737756.146019719	0	0	-66	-281	-27	385	89	-492	0	0	0	204	-2391	-2207	349	0.1012	-0.6641	-0.0776	-0.7352	1	-2	0	0	68	48	951	5.51	-21.02	16.46	641	-2132	1646	540	0.1572	-0.03	-0.0275	-0.9859	
737756.146020446	0	0	53	-179	-13	489	365	-1282	0	0	0	219	-1747	-2851	352	0.0617	-0.8096	-0.1267	-0.5679	1	-1	0	0	71	39	971	5.36	-19.37	16.91	641	-2132	1646	541	0.1584	-0.0295	-0.0247	-0.9858	
737756.146020989	0	0	8	-23	31	565	168	-1205	0	0	0	438	-1391	-3106	354	0.0438	-0.869	-0.1496	-0.4675	1	-1	0	-3	52	25	948	4.62	-20.12	14.36	641	-2132	1646	540	0.1553	-0.0275	-0.0197	-0.9865	
737756.146021533	0	0	-56	52	29	671	71	-762	0	0	0	498	-1571	-2986	353	0.0332	-0.8856	-0.1419	-0.439	1	6	-2	-2	61	39	986	6.26	-19.97	15.11	641	-2132	1646	540	0.1554	-0.0281	-0.0208	-0.9864	
737756.14602209	0	0	-29	96	35	845	-136	-349	0	0	0	288	-1691	-2776	352	0.0622	-0.8604	-0.1009	-0.4937	1	-6	0	-2	71	95	977	6.56	-19.67	15.41	641	-2132	1646	540	0.154	-0.0272	-0.0302	-0.9864	
737756.146022634	0	0	7	106	-5	686	-88	-511	0	0	0	378	-1961	-2836	348	0.0902	-0.8383	-0.0734	-0.5311	1	-2	0	0	56	52	972	4.62	-21.02	16.46	641	-2132	1646	540	0.1553	-0.0247	-0.0343	-0.9861	
737756.14602317	0	0	35	169	-14	476	166	-919	0	0	0	378	-2201	-2447	348	0.0748	-0.8428	-0.095	-0.5225	1	1	-2	0	62	52	960	6.26	-20.57	15.41	641	-2132	1646	535	0.1565	-0.0263	-0.0315	-0.986	
737756.146023712	0	0	9	265	2	333	54	-636	0	0	0	453	-2485	-1892	346	0.072	-0.8337	-0.1039	-0.5356	1	0	-3	0	52	22	1001	5.66	-20.57	15.71	641	-2132	1646	533	0.1587	-0.0273	-0.0239	-0.9858	
737756.146024139	0	0	-11	342	1	217	-29	-360	0	0	0	421	-3090	-1103	345	0.08	-0.814	-0.0951	-0.5655	1	-1	-3	0	65	38	981	4.92	-21.32	16.16	641	-2132	1646	529	0.158	-0.0275	-0.0208	-0.986	
737756.146024694	0	0	-13	382	36	-66	85	206	0	0	0	436	-3284	-189	344	0.0739	-0.6834	-0.0978	-0.7172	1	-4	-4	-1	51	8	989	5.66	-20.87	16.01	641	-2132	1646	529	0.1583	-0.0286	-0.0134	-0.9861	
737756.146025238	0	0	-26	427	29	-305	-249	1113	0	0	0	715	-3261	693	348	0.1029	-0.5252	-0.0499	-0.8411	1	-2	-6	0	68	36	968	5.81	-19.82	14.96	641	-2132	1646	526	0.1558	-0.0305	-0.0177	-0.9863	
737756.146025773	0	0	-53	207	67	-142	-193	1602	0	0	0	955	-2721	1802	348	0.1332	-0.3116	0.0024	-0.939	1	-6	-2	-2	64	37	966	5.66	-19.67	16.31	641	-2132	1646	523	0.1554	-0.0321	-0.0174	-0.9864	
737756.1460265	0	0	31	267	-12	-347	-52	2280	0	0	0	1114	-2415	2101	348	0.1601	-0.1005	0.0719	-0.9777	1	3	-7	-1	53	43	979	5.36	-19.97	16.31	641	-2132	1646	518	0.1568	-0.0319	-0.0252	-0.986	
737756.146027044	0	0	31	267	-12	-347	-52	2280	0	0	0	1114	-2415	2101	348	0.1601	-0.1005	0.0719	-0.9777	1	3	-7	-1	53	43	979	5.36	-19.97	16.31	641	-2132	1646	518	0.1568	-0.0319	-0.0252	-0.986	
737756.146027474	0	0	-13	5	-43	-7	-45	1128	0	0	0	1354	-1695	2730	347	0.1771	-0.0225	0.0774	-0.9797	1	1	-3	3	79	38	938	6.11	-20.72	15.86	641	-2132	1646	508	0.1603	-0.0377	-0.0327	-0.985	
737756.146028027	0	0	60	70	36	-131	-154	1615	0	0	0	1354	-1755	2790	343	0.2003	0.04	0.0266	-0.9776	1	-1	-1	0	79	26	941	6.41	-19.22	15.26	641	-2132	1646	495	0.163	-0.0393	-0.0252	-0.9847	
737756.146028571	0	0	-37	-24	-6	-95	82	1282	0	0	0	1294	-1785	3060	343	0.2061	0.0342	0.0301	-0.9765	1	-2	-4	0	91	60	952	6.11	-20.72	14.36	641	-2132	1646	460	0.163	-0.0374	-0.0226	-0.9848	
737756.146029113	0	0	-2	-17	22	-8	-158	1089	0	0	0	1369	-1680	2985	341	0.2255	0.0109	0.0414	-0.9722	1	-5	-5	9	91	45	979	5.51	-20.72	15.26	641	-2132	1646	438	0.165	-0.0413	-0.0295	-0.9842	
737756.14602965	0	0	5	0	1	40	-32	1000	0	0	0	1309	-1710	2985	339	0.2298	-0.0208	0.0418	-0.9712	1	10	-3	8	107	-2	941	5.51	-20.72	15.26	611	-2132	1466	419	0.1674	-0.0503	-0.0241	-0.9835	
737756.14603038	0	0	-16	-13	0	47	-197	977	0	0	0	1264	-1725	3030	338	0.2424	-0.0412	0.0704	-0.9658	1	-3	0	4	170	132	1003	5.51	-20.72	15.26	581	-1982	1616	383	0.1678	-0.0435	-0.0356	-0.9833	
737756.146030919	0	0	-3	-5	0	5	-67	1063	0	0	0	1429	-1680	2895	339	0.2483	-0.017	0.046	-0.9666	1	-10	6	5	97	91	956	7.16	-21.17	15.41	581	-1982	1616	383	0.1736	-0.0414	-0.0156	-0.983	
737756.146031465	0	0	11	-6	-4	6	-34	1028	0	0	0	1369	-1710	2925	338	0.255	-0.008	0.0327	-0.9655	1	26	-15	0	23	26	975	6.41	-20.42	16.46	581	-1982	1616	382	0.1733	-0.0321	-0.0117	-0.9834	
737756.146032	0	0	-11	-7	2	12	-21	1059	0	0	0	1474	-1755	2850	338	0.2647	-0.0047	0.0191	-0.9633	1	-3	0	-3	39	66	979	5.96	-19.67	15.71	581	-1982	1616	381	0.1728	-0.0282	-0.0227	-0.9835	
737756.146032727	0	0	7	-2	0	54	-61	996	0	0	0	1354	-1785	2940	339	0.2741	-0.0252	0.0267	-0.9601	1	10	12	2	29	33	1016	5.21	-20.42	16.16	581	-1982	1616	383	0.1717	-0.0299	-0.0252	-0.9835	
737756.146033143	0	0	4	-1	0	46	-15	1039	0	0	0	1309	-1890	2775	339	0.2766	-0.025	0.0142	-0.9597	1	4	-19	-4	71	46	985	6.86	-20.57	16.61	581	-1982	1616	381	0.1739	-0.0271	-0.0269	-0.9832	
737756.146033654	0	0	-13	-11	0	39	-89	997	0	0	0	1384	-1845	2700	338	0.2853	-0.0296	0.0329	-0.9565	1	-7	-6	0	80	20	910	6.11	-20.42	16.76	581	-1982	1616	383	0.1736	-0.0381	-0.0261	-0.9829	
737756.146034196	0	0	17	6	-1	50	-48	1005	0	0	0	1264	-1845	2970	338	0.2854	-0.0315	0.0229	-0.9567	1	9	8	0	74	39	939	6.26	-20.57	15.71	581	-1982	1616	383	0.1744	-0.0394	-0.0258	-0.9827	
737756.14603474	0	0	-15	-9	2	38	-52	1018	0	0	0	1219	-1830	2925	340	0.2859	-0.0267	0.0163	-0.9569	1	-12	-2	-3	56	39	1007	6.11	-22.22	16.46	581	-1982	1616	383	0.1715	-0.0322	-0.0262	-0.9835	
737756.146035286	0	0	-19	-5	1	47	-81	1001	0	0	0	1249	-1890	2925	341	0.2865	-0.0309	0.0263	-0.9563	1	4	-8	0	96	49	885	6.56	-20.87	16.31	581	-1982	1616	383	0.1713	-0.0367	-0.0267	-0.9833	
737756.146035828	0	0	13	4	0	42	-51	1034	0	0	0	1324	-1845	2910	340	0.2862	-0.0292	0.0238	-0.9566	1	-4	7	4	103	65	954	7.01	-20.42	17.36	581	-1982	1616	383	0.1729	-0.0387	-0.0308	-0.9829	
737756.146036372	0	0	-15	-4	0	35	-32	1001	0	0	0	1354	-1845	2970	340	0.2859	-0.0252	0.0177	-0.9569	1	-8	3	0	34	16	1019	6.11	-21.02	16.46	581	-1982	1616	383	0.1734	-0.0337	-0.0242	-0.9831	
737756.146036908	0	0	0	3	5	31	-48	1029	0	0	0	1339	-1800	2805	339	0.288	-0.0219	0.0182	-0.9563	1	-8	3	0	34	16	1019	6.11	-21.02	16.46	581	-1982	1616	383	0.1734	-0.0337	-0.0242	-0.9831	
737756.14603745	0	0	1	3	-2	33	-51	1035	0	0	0	1249	-1830	2925	341	0.2902	-0.0233	0.0246	-0.9555	1	-19	2	-10	146	181	975	6.11	-21.02	16.46	536	-2207	1541	471	0.1618	-0.038	-0.027	-0.9848	
737756.146037993	0	0	-11	-4	10	20	-41	1032	0	0	0	1384	-1815	2790	342	0.2937	-0.0171	0.017	-0.9547	1	-1	12	4	39	60	994	6.11	-21.02	16.46	596	-2027	1691	489	0.1631	-0.038	-0.0312	-0.9845	
737756.146038537	0	0	4	7	-3	36	-37	968	0	0	0	1384	-1695	2880	340	0.2953	-0.026	0.0291	-0.9537	1	0	0	3	24	105	957	6.11	-19.22	13.76	596	-2027	1691	546	0.1615	-0.0175	-0.0419	-0.985	
737756.146038953	0	0	-9	5	4	20	1	1015	0	0	0	1429	-1710	2745	342	0.2978	-0.0154	0.0115	-0.9536	1	-19	13	0	149	-26	977	4.47	-19.07	15.41	596	-2027	1691	574	0.1647	-0.0287	-0.0429	-0.9841	
737756.14603942	0	0	-7	10	3	-9	-171	1135	0	0	0	1324	-1785	2820	344	0.3013	-0.0129	0.0455	-0.9514	1	6	-9	-3	65	3	948	5.36	-21.47	16.01	596	-2027	1691	591	0.1616	-0.0303	-0.0285	-0.9851	
737756.146040145	0	0	6	-11	0	-41	-115	1394	0	0	0	1354	-1785	3000	343	0.2916	-0.0018	0.0378	-0.9549	1	-11	16	2	76	19	937	6.11	-20.42	14.96	596	-2027	1691	604	0.1652	-0.0367	-0.039	-0.984	
737756.14604069	0	0	1	-42	-11	-63	-148	1570	0	0	0	1339	-1920	2835	344	0.284	-0.0069	0.0442	-0.9569	1	7	-3	4	75	66	920	5.81	-21.32	15.26	596	-2027	1691	608	0.1668	-0.0363	-0.0381	-0.9838	
737756.146041234	0	0	51	-73	-8	-79	-13	1833	0	0	0	1234	-1845	2880	344	0.2768	-0.0051	0.0172	-0.9598	1	13	-9	1	74	57	969	6.26	-20.57	17.81	596	-2027	1691	606	0.1686	-0.0347	-0.0376	-0.9835	
737756.146041777	0	0	44	-143	1	-72	-10	1782	0	0	0	919	-2100	2715	344	0.2717	-0.0143	-0.0084	-0.9614	1	-12	14	0	53	55	965	6.11	-21.02	15.86	596	-2027	1691	600	0.1695	-0.03	-0.033	-0.9837	
737756.146042313	0	0	44	-143	1	-72	-10	1782	0	0	0	919	-2100	2715	344	0.2717	-0.0143	-0.0084	-0.9614	1	-12	14	0	53	55	965	6.11	-21.02	15.86	596	-2027	1691	600	0.1695	-0.03	-0.033	-0.9837	
737756.146042861	0	0	27	-256	18	5	-24	1346	0	0	0	709	-2669	1846	344	0.2561	-0.0682	-0.0404	-0.9625	1	-12	14	0	53	55	965	6.11	-21.02	15.86	596	-2027	1691	600	0.1695	-0.03	-0.033	-0.9837	
737756.146043583	0	0	12	-280	16	86	-18	1262	0	0	0	679	-2879	1666	344	0.2514	-0.0869	-0.0456	-0.962	1	11	-2	0	71	46	984	5.07	-19.97	16.01	596	-2027	1691	578	0.1684	-0.0237	-0.0256	-0.9843	
737756.146044127	0	0	12	-280	16	86	-18	1262	0	0	0	679	-2879	1666	344	0.2514	-0.0869	-0.0456	-0.962	1	11	-2	0	71	46	984	5.07	-19.97	16.01	596	-2027	1691	578	0.1684	-0.0237	-0.0256	-0.9843	
737756.146044663	0	0	12	-280	16	86	-18	1262	0	0	0	679	-2879	1666	344	0.2514	-0.0869	-0.0456	-0.962	1	11	-2	0	71	46	984	5.07	-19.97	16.01	596	-2027	1691	578	0.1684	-0.0237	-0.0256	-0.9843	
737756.146045216	0	0	12	-280	16	86	-18	1262	0	0	0	679	-2879	1666	344	0.2514	-0.0869	-0.0456	-0.962	1	11	-2	0	71	46	984	5.07	-19.97	16.01	596	-2027	1691	578	0.1684	-0.0237	-0.0256	-0.9843	
737756.146045759	0	0	12	-280	16	86	-18	1262	0	0	0	679	-2879	1666	344	0.2514	-0.0869	-0.0456	-0.962	1	0	0	0	38	51	997	5.51	-20.12	17.36	596	-2027	1691	569	0.1674	-0.016	-0.0236	-0.9846	
737756.146046303	0	0	99	-199	10	287	104	-1243	0	0	0	266	-1857	-2907	352	0.1497	-0.5928	-0.1176	-0.781	1	-1	-1	-1	31	29	991	4.77	-19.37	17.51	596	-2027	1691	568	0.1661	-0.0158	-0.0234	-0.9849	
737756.146046847	0	0	-83	27	41	594	5	-918	0	0	0	549	-1377	-2998	353	0.128	-0.686	-0.1353	-0.7017	1	2	-1	-4	47	44	974	6.56	-19.97	17.51	596	-2027	1691	567	0.1668	-0.0153	-0.0176	-0.9849	
737756.14604739	0	0	-28	103	21	740	-225	-528	0	0	0	399	-1347	-3028	352	0.1253	-0.7087	-0.1115	-0.6838	1	-4	-1	-2	35	43	999	6.11	-19.52	16.16	596	-2027	1691	567	0.1661	-0.0167	-0.0218	-0.9849	
737756.146047934	0	0	18	127	-8	589	-25	-643	0	0	0	579	-1707	-2638	350	0.1236	-0.7225	-0.1065	-0.6703	1	2	-6	-1	36	69	979	5.51	-19.52	16.46	596	-2027	1691	562	0.1644	-0.0162	-0.0337	-0.9849	
737756.146048471	0	0	2	198	4	549	16	-782	0	0	0	594	-2231	-2503	347	0.1152	-0.7305	-0.1144	-0.6618	1	-7	0	-2	39	64	946	6.11	-20.42	17.36	596	-2027	1691	560	0.1652	-0.0165	-0.033	-0.9847	
737756.146049013	0	0	-13	271	2	405	16	-382	0	0	0	444	-2471	-2143	342	0.1119	-0.7193	-0.1096	-0.6754	1	0	-3	0	54	61	987	5.07	-19.97	16.91	596	-2027	1691	557	0.164	-0.0182	-0.0338	-0.9849	
737756.146049556	0	0	-20	292	21	345	-48	-152	0	0	0	596	-3109	-1257	342	0.1136	-0.6958	-0.1024	-0.7005	1	0	-5	3	58	56	976	6.41	-20.12	16.16	596	-2027	1691	554	0.1652	-0.0196	-0.0331	-0.9847	
737756.146050104	0	0	1	327	14	174	-29	116	0	0	0	731	-3274	-673	342	0.1366	-0.644	-0.0781	-0.7463	1	-8	1	1	42	20	959	5.07	-20.27	16.61	596	-2027	1691	543	0.1643	-0.0206	-0.0219	-0.9851	
737756.146050515	0	0	-30	382	33	-78	-133	634	0	0	0	688	-3352	200	342	0.156	-0.5277	-0.0463	-0.8316	1	-2	-3	0	35	7	977	5.96	-19.67	16.61	596	-2027	1691	537	0.1646	-0.0204	-0.0189	-0.9851	
737756.146050991	0	0	13	323	52	-126	-108	1054	0	0	0	897	-3112	1129	344	0.1721	-0.4429	-0.0245	-0.8775	1	-7	-7	-2	52	28	988	6.26	-19.97	16.01	596	-2027	1691	536	0.1635	-0.0221	-0.0161	-0.9853	
737756.146051534	0	0	23	328	44	-190	-366	977	0	0	0	957	-2962	1249	344	0.1831	-0.3997	-0.0101	-0.8962	1	-8	-2	2	64	29	954	6.26	-20.87	17.21	596	-2027	1691	534	0.1643	-0.0261	-0.0168	-0.9851	
737756.146052078	0	0	4	155	25	-479	-281	2475	0	0	0	1240	-2080	2546	348	0.2085	-0.1817	0.0351	-0.9585	1	0	-9	-5	59	22	972	5.51	-20.12	16.46	596	-2027	1691	523	0.1619	-0.0266	-0.0157	-0.9855	
737756.146052622	0	0	1	27	-22	-130	9	2332	0	0	0	1360	-1841	2966	349	0.2162	-0.0879	0.0453	-0.9696	1	0	-3	6	69	42	964	6.71	-19.22	15.56	596	-2027	1691	500	0.1632	-0.0337	-0.0282	-0.9848	
737756.146053166	0	0	44	-35	19	86	-230	1360	0	0	0	1390	-1901	2906	344	0.2323	-0.0448	0.0408	-0.9697	1	5	-7	-9	74	35	935	6.26	-20.87	16.61	596	-2027	1691	492	0.1646	-0.0325	-0.0227	-0.9847	
737756.146053702	0	0	11	-10	-9	101	32	1160	0	0	0	1285	-1946	2981	344	0.2356	-0.0494	0.0233	-0.9692	1	8	-7	-3	89	20	940	5.66	-20.57	16.31	596	-2027	1691	481	0.1634	-0.0387	-0.0263	-0.9846	
737756.146054244	0	0	2	-32	28	37	-111	992	0	0	0	1270	-1961	2816	341	0.254	-0.0356	0.0106	-0.9655	1	-9	-11	-5	73	-44	984	6.41	-21.32	14.96	596	-2027	1691	431	0.1614	-0.0446	-0.0078	-0.985	
737756.146054971	0	0	-7	-1	8	111	-26	909	0	0	0	1210	-1871	2906	341	0.2567	-0.0649	0.0204	-0.9632	1	-7	28	18	172	88	838	6.41	-21.32	14.96	477	-2087	1661	383	0.1594	-0.0614	-0.0329	-0.9839	
737756.146055515	0	0	-8	-3	7	88	-156	946	0	0	0	1330	-1961	2756	340	0.2658	-0.0628	0.0451	-0.96	1	48	52	13	22	-30	1048	6.41	-21.32	14.96	641	-1922	1676	382	0.1713	-0.0358	-0.0144	-0.9836	
737756.146056059	0	0	-1	11	0	68	-44	1063	0	0	0	1210	-2050	2876	340	0.2609	-0.0474	0.0246	-0.963	1	-14	-37	-5	57	155	1115	5.51	-19.22	17.96	641	-1922	1676	380	0.1705	-0.0201	-0.0334	-0.9837	
737756.146056476	0	0	9	9	2	54	-67	1083	0	0	0	1330	-2050	2936	340	0.2618	-0.0417	0.0242	-0.9631	1	-27	-35	-7	15	15	1057	6.41	-19.82	16.76	641	-1922	1676	383	0.1705	-0.0208	-0.0267	-0.9839	
737756.146056999	0	0	-8	-1	-2	53	-36	1015	0	0	0	1210	-1961	2906	340	0.2623	-0.0339	0.018	-0.9634	1	-27	-35	-7	15	15	1057	6.41	-19.82	16.76	641	-1922	1676	383	0.1705	-0.0208	-0.0267	-0.9839	
737756.146057722	0	0	3	0	0	60	-62	1020	0	0	0	1180	-1931	2846	340	0.2632	-0.0339	0.018	-0.9631	1	-27	-35	-7	15	15	1057	6.41	-19.82	16.76	641	-1922	1676	383	0.1705	-0.0208	-0.0267	-0.9839	
737756.146058144	0	0	9	5	-2	84	-42	1047	0	0	0	1225	-1916	2831	340	0.2632	-0.0356	0.0143	-0.9631	1	-27	-35	-7	15	15	1057	6.41	-19.82	16.76	641	-1922	1676	383	0.1705	-0.0208	-0.0267	-0.9839	
737756.146058559	0	0	-4	-6	0	65	-52	1024	0	0	0	1315	-1976	2891	341	0.2677	-0.034	0.0118	-0.962	1	-27	-35	-7	15	15	1057	6.41	-19.82	16.76	641	-1922	1676	383	0.1705	-0.0208	-0.0267	-0.9839	
737756.146059104	0	0	-4	-6	0	65	-52	1024	0	0	0	1315	-1976	2891	341	0.2677	-0.034	0.0118	-0.962	1	7	11	-1	-23	29	1108	6.11	-20.72	16.76	641	-1922	1676	383	0.1713	-0.0285	-0.0267	-0.9836	
737756.146059647	0	0	2	-5	1	55	-22	1029	0	0	0	1240	-1931	2876	341	0.2694	-0.0294	0.0054	-0.9617	1	12	10	5	106	43	942	5.36	-20.27	16.31	641	-1922	1676	383	0.1692	-0.0429	-0.032	-0.9833	
737756.146060192	0	0	-16	0	0	66	-27	1030	0	0	0	1300	-1841	2906	340	0.2716	-0.0353	0.0126	-0.9608	1	-18	-13	-5	14	38	1101	5.96	-19.07	15.41	641	-1922	1676	383	0.1703	-0.019	-0.0248	-0.9841	
737756.146060736	0	0	17	3	5	61	-82	1067	0	0	0	1330	-1991	2876	340	0.2755	-0.0305	0.018	-0.9598	1	-13	0	6	117	-47	844	5.51	-19.82	15.86	641	-1922	1676	383	0.1713	-0.0434	-0.0164	-0.9833	
737756.146061271	0	0	-18	-5	0	56	-8	1024	0	0	0	1255	-1916	3011	341	0.2751	-0.0331	0.0074	-0.96	1	7	6	1	58	78	1001	7.01	-20.12	16.16	641	-1922	1676	383	0.1729	-0.0335	-0.0175	-0.9834	
737756.146061813	0	0	0	-1	2	58	-88	1046	0	0	0	1270	-1781	2966	340	0.2779	-0.0338	0.0218	-0.9589	1	60	-35	3	255	-550	523	6.26	-20.57	14.81	641	-1922	1676	425	0.1739	-0.0544	0.0007	-0.9819	
737756.146062241	0	0	7	1	-2	59	-7	1075	0	0	0	1135	-1916	2831	340	0.2749	-0.0323	0.0079	-0.96	1	43	-1	-22	153	189	1073	6.26	-20.57	14.81	432	-2402	1436	472	0.1633	-0.0442	-0.0583	-0.983	
737756.146062958	0	0	-13	-9	1	56	-65	1028	0	0	0	1105	-1946	2801	342	0.276	-0.0348	0.0118	-0.9596	1	-36	48	11	-38	11	932	6.26	-20.57	14.81	492	-1982	1586	521	0.1672	-0.0276	-0.0443	-0.9836	
737756.146063501	0	0	16	-1	-3	54	-51	1114	0	0	0	1180	-1871	2966	342	0.2754	-0.034	0.0164	-0.9597	1	20	-28	-1	111	-67	985	4.92	-19.52	15.26	492	-1982	1586	578	0.1639	-0.0253	0.0007	-0.9853	
737756.146064045	0	0	-14	-13	-5	6	-53	1260	0	0	0	1210	-1991	2876	343	0.2733	-0.0181	0.0132	-0.9608	1	0	13	3	93	203	938	4.92	-21.32	15.86	492	-1982	1586	604	0.1568	-0.0328	-0.0315	-0.9856	
737756.14606458	0	0	6	-32	-6	-67	-52	1668	0	0	0	1105	-2006	2741	347	0.2656	-0.0079	0.0143	-0.9631	1	-24	30	1	79	-46	942	5.07	-21.17	17.81	492	-1982	1586	622	0.1563	-0.025	-0.0109	-0.9865	
737756.146065308	0	0	47	-134	4	2	70	2016	0	0	0	1000	-2260	2636	347	0.2567	-0.0181	-0.0234	-0.9652	1	16	-4	0	61	70	963	6.26	-19.37	16.31	492	-1982	1586	630	0.1619	-0.0254	-0.039	-0.9849	
737756.146065851	0	0	0	-219	7	61	-37	1694	0	0	0	925	-2515	2351	350	0.2481	-0.0669	-0.0311	-0.965	1	-11	20	7	20	30	970	4.77	-18.47	17.21	492	-1982	1586	632	0.166	-0.0148	-0.0331	-0.9846	
737756.146066388	0	0	57	-273	13	142	-169	1356	0	0	0	820	-2860	1856	348	0.2414	-0.1316	-0.0329	-0.9599	1	16	-7	0	16	44	976	5.81	-19.52	16.46	492	-1982	1586	630	0.1661	-0.0079	-0.0303	-0.9848	
737756.146066931	0	0	-5	-306	10	164	-22	811	0	0	0	670	-3190	1107	349	0.2279	-0.1882	-0.0472	-0.9532	1	-2	7	0	61	70	955	5.07	-19.37	16.31	492	-1982	1586	623	0.1652	-0.0129	-0.0324	-0.9848	
737756.146067473	0	0	-78	-338	15	171	-122	682	0	0	0	536	-3235	312	349	0.2049	-0.2516	-0.0397	-0.944	1	6	3	2	46	68	1012	5.81	-18.02	15.86	492	-1982	1586	619	0.1656	-0.0127	-0.0335	-0.9847	
737756.146067888	0	0	-8	-343	-22	230	-72	222	0	0	0	581	-3189	-716	350	0.1937	-0.332	-0.0174	-0.9221	1	1	-2	-3	-4	26	1015	4.62	-19.52	18.26	492	-1982	1586	615	0.1633	-0.0093	-0.0296	-0.9853	
737756.146068386	0	0	-12	-333	-21	216	104	149	0	0	0	326	-3115	-1301	350	0.1814	-0.3636	-0.0366	-0.9118	1	-1	-5	-1	19	83	992	4.32	-18.92	16.76	492	-1982	1586	617	0.1614	-0.0095	-0.0349	-0.9854	
737756.146068923	0	0	-2	-325	-9	203	126	-608	0	0	0	352	-2352	-2446	352	0.1457	-0.5179	-0.0847	-0.8373	1	-1	-5	-1	19	83	992	4.32	-18.92	16.76	492	-1982	1586	617	0.1614	-0.0095	-0.0349	-0.9854	
737756.146069465	0	0	1	-242	4	163	245	-1370	0	0	0	292	-1812	-2896	356	0.1261	-0.5905	-0.1014	-0.7891	1	0	1	1	0	31	960	5.07	-19.07	17.21	492	-1982	1586	605	0.1665	-0.0053	-0.0306	-0.9847	
737756.146070008	0	0	51	-185	14	34	147	-1448	0	0	0	337	-1677	-3031	358	0.122	-0.6203	-0.1101	-0.7652	1	0	1	1	0	31	960	5.07	-19.07	17.21	492	-1982	1586	605	0.1665	-0.0053	-0.0306	-0.9847	
737756.146070735	0	0	-21	56	26	708	-170	-391	0	0	0	485	-1407	-3087	358	0.1018	-0.7199	-0.1149	-0.6755	1	0	-6	-7	23	55	1016	4.32	-19.22	17.36	492	-1982	1586	606	0.1617	-0.0074	-0.0271	-0.9856	
737756.146071279	0	0	-13	100	17	787	-178	-720	0	0	0	500	-1572	-2802	353	0.1073	-0.7344	-0.1009	-0.661	1	-2	0	1	23	107	988	4.32	-18.32	16.46	492	-1982	1586	600	0.1594	-0.008	-0.0406	-0.9855	
737756.146071816	0	0	29	123	-21	477	-68	-664	0	0	0	410	-1932	-2682	352	0.097	-0.751	-0.1034	-0.6433	1	0	-9	-5	20	83	991	4.77	-18.77	17.81	492	-1982	1586	591	0.16	-0.0042	-0.0365	-0.9856	
737756.146072358	0	0	23	186	-8	417	34	-1072	0	0	0	440	-2232	-2472	351	0.0882	-0.7613	-0.1253	-0.6283	1	1	-8	0	44	101	963	3.87	-18.77	18.11	492	-1982	1586	585	0.1584	-0.0108	-0.0501	-0.9852	
737756.146073085	0	0	12	370	-20	13	187	-224	0	0	0	455	-2907	-1738	347	0.0882	-0.7257	-0.1383	-0.6659	1	-8	-3	1	33	41	981	5.21	-18.92	17.96	492	-1982	1586	578	0.1556	-0.0158	-0.0375	-0.9861	
737756.146073629	0	0	-56	389	12	-71	122	-101	0	0	0	530	-3341	-643	348	0.0493	-0.6768	-0.1796	-0.7098	1	-4	-9	0	34	46	994	4.77	-20.27	16.61	492	-1982	1586	572	0.154	-0.0157	-0.0294	-0.9867	
737756.146074138	0	0	-12	434	36	-319	-147	723	0	0	0	694	-3384	351	348	0.0829	-0.4799	-0.1322	-0.8613	1	-7	-11	0	45	27	998	4.62	-19.22	15.86	492	-1982	1586	561	0.151	-0.0202	-0.0216	-0.9873	
737756.146074681	0	0	-59	394	11	-452	-257	1501	0	0	0	844	-2994	1580	352	0.1177	-0.2798	-0.0675	-0.9486	1	-8	-17	-1	77	74	1011	5.21	-20.12	17.06	492	-1982	1586	524	0.1482	-0.0269	-0.0247	-0.9875	
737756.146075224	0	0	-89	169	32	-264	-758	2171	0	0	0	1262	-2548	2407	354	0.1458	-0.0714	0.0472	-0.9842	1	-14	-13	0	72	35	927	5.66	-20.57	15.41	492	-1982	1586	501	0.1514	-0.0326	-0.0249	-0.9868	
737756.146075766	0	0	70	165	-10	-306	-124	2690	0	0	0	1397	-2023	2632	355	0.1485	0.0527	0.0766	-0.9836	1	14	-23	-6	73	37	932	6.86	-20.57	15.71	492	-1982	1586	485	0.1566	-0.042	-0.0267	-0.9856	
737756.146076308	0	0	21	-57	13	-32	-196	1861	0	0	0	1397	-1813	2872	352	0.1728	0.0313	0.0455	-0.9824	1	-4	-5	3	128	132	897	5.07	-20.27	15.41	492	-1982	1586	425	0.1567	-0.0582	-0.0558	-0.9835	
737756.14607685	0	0	21	-22	-1	27	48	1144	0	0	0	1292	-2008	2707	349	0.1827	-0.0032	0.0246	-0.9819	1	-19	22	3	150	74	860	5.07	-20.27	15.41	626	-2177	1391	393	0.161	-0.0577	-0.0545	-0.9829	
737756.146077393	0	0	37	-18	21	52	-150	1161	0	0	0	1322	-1858	2887	344	0.2095	-0.0147	0.0181	-0.9764	1	31	22	19	-7	-60	832	6.56	-21.17	15.71	626	-2177	1391	383	0.1709	-0.0497	-0.0238	-0.9828	
737756.14607812	0	0	-20	-13	11	101	-56	994	0	0	0	1262	-2068	2767	345	0.2172	-0.0578	0.032	-0.973	1	-4	-20	-15	81	80	1029	4.32	-20.42	16.76	626	-2177	1391	380	0.1639	-0.0196	-0.0385	-0.9847	
737756.146078658	0	0	14	-5	-4	122	-84	920	0	0	0	1247	-2023	2722	342	0.2227	-0.0723	0.0462	-0.9702	1	-6	14	8	157	63	929	6.71	-21.32	15.86	626	-2177	1391	382	0.1625	-0.0403	-0.0442	-0.984	
737756.146079201	0	0	-5	0	-2	107	-46	940	0	0	0	1232	-2158	3007	342	0.2228	-0.0675	0.0176	-0.9715	1	-1	-4	0	-17	43	1068	4.62	-21.02	17.06	626	-2177	1391	381	0.1641	-0.0173	-0.0363	-0.9848	
737756.146079624	0	0	-22	-10	-2	117	-18	967	0	0	0	1082	-2158	2767	342	0.2245	-0.0657	0.0141	-0.9713	1	-14	-11	-8	57	49	921	6.41	-19.52	15.86	626	-2177	1391	382	0.1628	-0.0194	-0.0327	-0.9851	
737756.146080087	0	0	-6	-20	8	117	-70	890	0	0	0	1172	-1978	2797	339	0.2327	-0.0664	0.0174	-0.9692	1	3	-12	-4	101	77	863	5.51	-20.42	16.16	626	-2177	1391	382	0.1612	-0.0315	-0.0415	-0.9847	
737756.146080625	0	0	16	-3	-12	112	-110	776	0	0	0	1322	-2188	2617	339	0.2357	-0.0925	0.0526	-0.9651	1	2	3	7	82	82	891	4.92	-19.52	16.16	626	-2177	1391	381	0.1633	-0.0443	-0.0564	-0.9831	
737756.146081167	0	0	33	-29	21	59	173	979	0	0	0	1247	-2023	2662	335	0.2368	-0.0458	-0.0323	-0.9689	1	-32	-36	-13	85	3	920	7.01	-21.32	16.46	626	-2177	1391	379	0.1617	-0.0402	-0.03	-0.9847	
737756.14608171	0	0	86	-41	33	59	-202	658	0	0	0	1292	-2218	2767	334	0.2594	-0.0463	-0.0066	-0.9633	1	-46	-70	-29	131	45	724	6.11	-22.52	14.96	626	-2177	1391	381	0.1521	-0.0704	-0.02	-0.9848	
737756.146082252	0	0	-18	26	17	116	219	643	0	0	0	1172	-2338	2707	333	0.2636	-0.0604	-0.056	-0.9599	1	-47	-36	-33	83	32	419	7.61	-24.02	13.76	626	-2177	1391	382	0.1382	-0.1119	-0.0272	-0.9828	
737756.146082795	0	0	-31	109	36	-54	44	863	0	0	0	1247	-2053	2872	335	0.2897	0.0068	-0.0313	-0.9556	1	-60	23	-44	42	218	537	8.21	-25.52	11.96	626	-2177	1391	382	0.1183	-0.0642	-0.0428	-0.989	
737756.146083339	0	0	-31	102	51	-156	-214	822	0	0	0	1442	-1738	3067	338	0.3066	0.0689	0.0385	-0.9473	1	-66	123	32	146	142	692	7.31	-24.62	11.96	626	-2177	1391	383	0.1278	-0.0532	-0.0649	-0.9874	
737756.146083883	0	0	43	195	-31	-376	-64	849	0	0	0	1608	-1411	3307	338	0.2855	0.1406	0.1088	-0.9406	1	90	49	-14	-375	-129	966	9.26	-20.87	15.41	626	-2177	1391	381	0.1516	0.0502	-0.0057	-0.9861	
737756.146084427	0	0	-62	147	44	-520	174	778	0	0	0	1728	-842	3726	344	0.2931	0.274	0.054	-0.9133	1	105	65	-5	-119	265	816	5.21	-20.42	19.16	626	-2177	1391	383	0.1392	0.106	-0.0673	-0.9813	
737756.146084971	0	0	-190	310	31	-639	555	2218	0	0	0	1788	-452	3816	344	0.3264	0.2941	0.0684	-0.8937	1	179	398	31	31	-908	2736	4.17	-16.98	21.11	626	-2177	1391	376	0.1611	0.1785	-0.0395	-0.9682	
737756.146085379	0	0	-288	71	134	-610	-280	2316	0	0	0	2563	447	3452	344	0.4027	0.216	0.1568	-0.8735	1	257	-164	-55	-609	-90	2852	1.69	-9.2	27.09	626	-2177	1391	383	0.1406	0.1465	-0.051	-0.9763	
737756.146085895	0	0	44	-80	69	-500	-697	1355	0	0	0	2758	911	3197	344	0.4365	0.1171	0.2175	-0.8634	1	-106	-153	-101	-118	358	678	-3.85	-17.14	23.94	626	-2177	1391	383	0.0692	0.0364	-0.1122	-0.9895	
737756.146086435	0	0	135	-51	27	-547	-296	663	0	0	0	2429	791	3557	335	0.4367	0.1505	0.2412	-0.8521	1	-174	69	-62	-104	344	466	-1.6	-20.89	23.19	626	-2177	1391	383	0.0482	0.0582	-0.1262	-0.988	
737756.146086978	0	0	-89	-42	0	-449	-217	739	0	0	0	2279	641	3557	335	0.4335	0.1693	0.2217	-0.8558	1	26	29	11	-12	248	567	1.24	-17.74	22.44	626	-2177	1391	382	0.0677	0.078	-0.1538	-0.9817	
737756.146087526	0	0	-58	-13	-37	-503	-265	766	0	0	0	2548	492	3467	335	0.418	0.1683	0.2471	-0.8568	1	123	67	37	-159	314	931	-1.75	-16.24	25.14	626	-2177	1391	383	0.1109	0.0888	-0.171	-0.974	
737756.146088069	0	0	22	8	-23	-530	-98	810	0	0	0	2548	372	3377	335	0.419	0.2264	0.1826	-0.8589	1	-39	126	26	-284	151	1345	-2.8	-12.5	25.29	626	-2177	1391	383	0.1236	0.1328	-0.1048	-0.9765	
737756.146088611	0	0	-16	16	-12	-473	-145	877	0	0	0	2414	417	3422	335	0.4218	0.1908	0.178	-0.8673	1	-28	-26	9	-306	-18	1222	0.79	-11.3	26.49	626	-2177	1391	383	0.1131	0.117	-0.0026	-0.9858	
737756.146089149	0	0	-8	19	-21	-460	-170	923	0	0	0	2578	372	3377	335	0.4299	0.1686	0.184	-0.8667	1	-3	-38	3	-289	135	816	-1	-13.1	25.29	626	-2177	1391	383	0.0955	0.1398	-0.0421	-0.9837	
737756.146089693	0	0	16	14	-13	-471	-100	940	0	0	0	2713	477	3392	335	0.4509	0.187	0.1628	-0.8564	1	-20	1	0	-292	128	830	0.94	-12.05	25.74	626	-2177	1391	383	0.0951	0.1709	-0.0545	-0.9783	
737756.146090237	0	0	0	4	-4	-473	-124	936	0	0	0	2683	507	3452	335	0.4647	0.1776	0.1715	-0.8493	1	13	-14	10	-204	113	918	0.94	-12.65	24.24	626	-2177	1391	383	0.0965	0.133	-0.0516	-0.9842	
737756.146090775	0	0	-4	-3	-4	-480	-137	966	0	0	0	2728	432	3377	335	0.4736	0.1685	0.1739	-0.8458	1	11	15	12	-212	146	947	-0.25	-13.55	25.74	626	-2177	1391	383	0.1063	0.1135	-0.0654	-0.9848	
737756.146091201	0	0	15	-5	-2	-494	-95	912	0	0	0	2593	417	3422	335	0.4773	0.1842	0.1635	-0.8424	1	-8	12	0	-227	84	930	1.39	-13.4	25.59	626	-2177	1391	383	0.1047	0.1259	-0.0408	-0.9848	
737756.146091661	0	0	10	-7	12	-487	-90	864	0	0	0	2384	387	3512	335	0.4774	0.1961	0.1572	-0.841	1	1	3	-3	-249	154	893	-0.25	-12.65	26.04	626	-2177	1391	383	0.0988	0.1352	-0.057	-0.9834	
737756.146092205	0	0	-5	-3	8	-465	-167	876	0	0	0	2608	342	3407	335	0.4646	0.1675	0.1862	-0.8484	1	7	12	1	-258	140	942	-0.85	-12.05	26.04	626	-2177	1391	383	0.0999	0.1353	-0.0645	-0.9828	
737756.146092749	0	0	0	0	6	-487	-139	922	0	0	0	2444	537	3422	335	0.4681	0.1761	0.1771	-0.8466	1	0	-1	-5	-279	90	990	-1.15	-12.95	26.64	626	-2177	1391	383	0.0902	0.1412	-0.0464	-0.9839	
737756.14609329	0	0	6	-5	12	-505	-157	936	0	0	0	2503	477	3542	335	0.4675	0.1748	0.1796	-0.8468	1	4	-1	-8	-284	120	964	-0.85	-10.85	25.74	626	-2177	1391	383	0.0822	0.1429	-0.0485	-0.9843	
737756.146093827	0	0	-1	-8	3	-467	-204	901	0	0	0	2533	387	3422	335	0.4586	0.1536	0.1969	-0.8519	1	4	0	-10	-279	133	943	1.09	-11.6	27.09	626	-2177	1391	383	0.0791	0.1474	-0.0526	-0.9837	
737756.14609437	0	0	1	-10	1	-458	-168	906	0	0	0	2429	312	3437	335	0.4605	0.16	0.1779	-0.8537	1	-9	-6	-5	-228	172	911	0.49	-11.3	24.69	626	-2177	1391	383	0.0837	0.1324	-0.0659	-0.9846	
737756.146094913	0	0	26	-4	1	-458	-135	877	0	0	0	2444	357	3572	335	0.4592	0.1724	0.169	-0.8539	1	-4	-6	1	-195	151	882	-0.7	-11.9	24.99	626	-2177	1391	383	0.0862	0.1193	-0.0742	-0.9855	
737756.146095461	0	0	-4	-5	-1	-448	-115	876	0	0	0	2429	402	3437	338	0.4579	0.1765	0.1655	-0.8545	1	-9	-2	4	-224	131	889	0.34	-12.95	25.14	626	-2177	1391	383	0.0929	0.1254	-0.0617	-0.985	
737756.146096001	0	0	0	2	-2	-430	-121	910	0	0	0	2444	357	3512	335	0.4604	0.164	0.1589	-0.8568	1	-1	2	3	-252	100	877	0.64	-12.35	24.84	626	-2177	1391	383	0.0948	0.1369	-0.0456	-0.9841	
737756.146096546	0	0	11	2	-1	-452	-86	927	0	0	0	2384	387	3632	335	0.4648	0.1771	0.1458	-0.8542	1	2	7	0	-252	101	920	1.24	-13.25	25.74	626	-2177	1391	383	0.0925	0.1415	-0.0419	-0.9839	
737756.146096985	0	0	1	-1	0	-461	-93	918	0	0	0	2384	357	3482	335	0.4655	0.1793	0.152	-0.8523	1	-4	0	-2	-268	125	944	0.94	-10.85	26.04	626	-2177	1391	383	0.0926	0.1427	-0.0467	-0.9835	
737756.146097634	0	0	-3	-4	2	-463	-113	907	0	0	0	2369	252	3676	335	0.4595	0.1743	0.1544	-0.8561	1	3	-8	-5	-252	127	866	0.04	-12.35	24.84	626	-2177	1391	383	0.0871	0.143	-0.0554	-0.9835	
737756.146098176	0	0	7	1	-1	-449	-119	902	0	0	0	2339	342	3676	335	0.4534	0.1715	0.1556	-0.8596	1	1	26	-2	-235	141	900	0.79	-13.1	25.59	626	-2177	1391	383	0.0908	0.1368	-0.064	-0.9835	
737756.146098714	0	0	-1	-1	0	-457	-99	910	0	0	0	2354	297	3542	335	0.4555	0.1797	0.151	-0.8578	1	-3	31	1	-316	130	1050	1.54	-10.55	28.14	626	-2177	1391	383	0.0942	0.1515	-0.045	-0.9821	
