1
737756.188721182	0	0	-2	0	1	-151	-9	1029	0	0	0	832	1961	3498	334	-0.9635	0.0039	-0.0669	0.2538	1	10	-1	0	-446	58	871	0	0	0	752	1873	1831	376	-0.8897	-0.1145	-0.196	0.3934	
737756.188721727	0	0	-1	-1	-1	-156	-24	1030	0	0	0	817	1976	3424	333	-0.9614	0.004	-0.0748	0.2586	1	2	-3	0	-450	93	856	0	0	0	692	1933	1891	376	-0.8819	-0.147	-0.1988	0.3983	
737756.188722268	0	0	-2	-1	0	-152	-30	1021	0	0	0	832	1841	3498	334	-0.963	-0.0178	-0.0792	0.2507	1	-3	0	-1	-457	88	865	0	0	0	617	1918	1966	376	-0.882	-0.1314	-0.1974	0.4038	
737756.1887227	0	0	0	0	1	-153	-27	1021	0	0	0	847	1916	3513	334	-0.9635	-0.0171	-0.078	0.2491	1	1	-3	-1	-457	82	861	0	0	0	677	2038	1936	377	-0.8818	-0.1488	-0.2056	0.3944	
737756.188723488	0	0	-1	-1	0	-150	-24	1016	0	0	0	742	1931	3439	335	-0.9653	-0.0177	-0.0761	0.2421	1	-1	1	-1	-443	80	877	0	0	0	647	1978	1996	376	-0.8855	-0.1304	-0.1965	0.398	
737756.188723961	0	0	0	-1	2	-156	-21	1026	0	0	0	937	2006	3483	334	-0.965	-0.0176	-0.0779	0.2433	1	5	1	-2	-472	80	867	0	0	0	707	1918	1906	376	-0.8831	-0.1348	-0.2106	0.3948	
737756.188724505	0	0	-1	-1	1	-154	-12	1032	0	0	0	1027	1796	3513	334	-0.9617	0.0033	-0.067	0.2596	1	0	2	1	-456	88	842	0	0	0	647	1888	1936	376	-0.8873	-0.1314	-0.2003	0.39	
737756.188725041	0	0	-1	-1	1	-153	-6	1018	0	0	0	907	1976	3483	333	-0.9641	-0.0229	-0.0751	0.2475	1	-3	6	0	-452	82	847	0	0	0	707	1888	1906	376	-0.8874	-0.1257	-0.1969	0.3945	
737756.188725584	0	0	-1	-1	0	-149	-9	1019	0	0	0	727	1886	3394	333	-0.9641	0.0012	-0.0662	0.251	1	4	-3	1	-463	93	845	0	0	0	617	1948	1786	376	-0.8824	-0.1581	-0.2107	0.3871	
737756.188726311	0	0	-1	0	0	-153	-15	1025	0	0	0	892	1841	3528	334	-0.9626	0.0019	-0.0694	0.2556	1	0	0	0	-450	104	848	0	0	0	587	1978	1936	377	-0.884	-0.1416	-0.1997	0.3955	
737756.188726853	0	0	-2	0	1	-152	-20	1026	0	0	0	787	1856	3603	334	-0.9625	0.0041	-0.0697	0.2557	1	-7	5	-3	-458	98	834	0	0	0	692	1933	1921	376	-0.8824	-0.1371	-0.2017	0.3989	
737756.188727399	0	0	-1	-1	0	-152	-15	1020	0	0	0	757	1706	3483	334	-0.963	-0.0195	-0.076	0.2514	1	-2	-4	0	-473	79	855	0	0	0	707	1888	1996	375	-0.8816	-0.1428	-0.2103	0.3953	
737756.188727934	0	0	-1	-1	2	-154	-14	1026	0	0	0	892	1901	3528	334	-0.9609	0.0038	-0.0703	0.262	1	-4	-2	-1	-466	97	860	0	0	0	662	1873	1801	376	-0.8782	-0.1569	-0.2053	0.4001	
737756.188728336	0	0	-1	0	1	-154	-7	1019	0	0	0	937	1886	3483	335	-0.9609	-0.0214	-0.0749	0.2596	1	-6	2	0	-468	79	874	0	0	0	662	1873	1921	376	-0.8792	-0.1278	-0.1996	0.4103	
737756.188728753	0	0	-2	0	1	-157	-7	1025	0	0	0	787	1856	3454	335	-0.9602	-0.0223	-0.075	0.2617	1	3	-2	-2	-463	81	849	0	0	0	692	1993	1891	375	-0.877	-0.1535	-0.211	0.4008	
737756.188729297	0	0	-2	-2	0	-149	-13	1021	0	0	0	877	1916	3424	335	-0.9591	0.0006	-0.0674	0.2691	1	0	-3	-2	-471	85	837	0	0	0	737	1918	1936	375	-0.8747	-0.152	-0.2117	0.4062	
737756.188729841	0	0	-1	-1	0	-154	-13	1020	0	0	0	832	1901	3528	333	-0.9583	0.002	-0.0752	0.2702	1	-4	-3	-2	-448	88	851	0	0	0	722	1933	1861	376	-0.8841	-0.1338	-0.2018	0.3973	
737756.188730382	0	0	-2	-2	0	-146	-20	1022	0	0	0	802	1931	3498	334	-0.9611	-0.0215	-0.0741	0.2587	1	0	-3	-3	-487	54	877	0	0	0	587	1918	1906	376	-0.8792	-0.1334	-0.2249	0.3957	
737756.188730802	0	0	-1	-2	0	-148	-18	1022	0	0	0	892	1901	3498	334	-0.9609	-0.0203	-0.0747	0.2596	1	7	-7	2	-461	70	866	0	0	0	737	1859	1846	376	-0.8846	-0.1243	-0.1954	0.4014	
737756.188731266	0	0	-2	-2	3	-149	-10	1024	0	0	0	877	1856	3454	334	-0.962	-0.0205	-0.0731	0.256	1	0	0	0	-439	64	910	0	0	0	677	1859	1771	377	-0.8869	-0.1337	-0.2002	0.3915	
737756.188731809	0	0	0	-1	0	-152	1	1019	0	0	0	772	1781	3528	335	-0.9591	-0.0265	-0.0724	0.2662	1	-20	-52	-7	-827	394	659	0	0	0	677	1888	1936	420	-0.8825	-0.1387	-0.2226	0.3867	
737756.188732526	0	0	5	-2	-2	-157	-4	1008	0	0	0	907	1946	3603	334	-0.9568	-0.0066	-0.0708	0.2759	1	-40	-3	-27	-404	-69	892	0	0	0	932	1903	1771	480	-0.8909	-0.0618	-0.2139	0.3913	
737756.188733071	0	0	5	0	-4	-144	-14	1026	0	0	0	742	1841	3498	334	-0.9569	-0.0071	-0.0674	0.2762	1	61	-24	1	-362	73	968	0	0	0	812	1933	1861	546	-0.9038	-0.1142	-0.1524	0.3786	
737756.188733614	0	0	10	12	-2	-147	-29	1086	0	0	0	817	1916	3573	334	-0.9573	-0.0244	-0.074	0.2724	1	-33	6	-17	-488	156	826	0	0	0	902	1814	1861	565	-0.8778	-0.1645	-0.192	0.4037	
737756.188734031	0	0	55	38	4	-130	-23	1329	0	0	0	742	1961	3558	334	-0.9648	-0.029	-0.0445	0.2505	1	-48	15	-25	-415	85	909	0	0	0	872	1664	1861	573	-0.8742	-0.1252	-0.1699	0.4335	
737756.18873454	0	0	-7	78	0	-179	64	1615	0	0	0	682	2171	3618	335	-0.9677	-0.0357	-0.0648	0.2341	1	15	-6	4	-457	-66	792	0	0	0	976	1739	1846	573	-0.8635	-0.1055	-0.2203	0.4378	
737756.18873498	0	0	12	113	6	-223	-8	1511	0	0	0	652	2441	3379	335	-0.9753	-0.0368	-0.0787	0.1946	1	-10	4	-2	-470	0	831	0	0	0	932	1754	1741	573	-0.8656	-0.117	-0.2171	0.433	
737756.188735524	0	0	69	177	4	-305	168	1788	0	0	0	547	2695	3064	335	-0.974	-0.0783	-0.09	0.1843	1	-7	4	0	-444	-49	886	0	0	0	1036	1799	1756	571	-0.8664	-0.0773	-0.2151	0.441	
737756.188736242	0	0	-60	225	-8	-353	97	1358	0	0	0	727	3355	2374	335	-0.9743	-0.0521	-0.1243	0.1723	1	-3	10	-3	-460	-15	865	0	0	0	1006	1679	1786	566	-0.866	-0.1012	-0.2212	0.4346	
737756.188736785	0	0	-21	284	10	-326	108	1124	0	0	0	712	3670	2029	335	-0.9739	-0.0678	-0.15	0.1448	1	-8	9	-1	-472	-25	810	0	0	0	991	1844	1741	556	-0.8595	-0.1084	-0.2413	0.4348	
737756.188737325	0	0	-43	327	24	-199	121	530	0	0	0	770	4081	933	335	-0.964	-0.1229	-0.1916	0.1258	1	0	-2	9	-462	-13	836	0	0	0	932	1873	1621	550	-0.8667	-0.1181	-0.2304	0.4241	
737756.188737873	0	0	-38	304	21	-285	122	127	0	0	0	725	4126	-250	335	-0.9008	-0.1963	-0.3724	0.0957	1	-2	-4	4	-467	15	850	0	0	0	917	1859	1636	543	-0.8732	-0.1154	-0.2212	0.4165	
737756.18873841	0	0	-22	285	20	-469	100	-125	0	0	0	724	4037	-1304	335	-0.8182	-0.2177	-0.5251	0.0725	1	-4	0	3	-472	4	884	0	0	0	976	1769	1666	541	-0.8726	-0.1048	-0.2188	0.422	
737756.188738959	0	0	-7	264	15	-582	106	-473	0	0	0	604	3497	-2144	335	-0.688	-0.2423	-0.6808	0.0477	1	4	2	2	-471	9	871	0	0	0	1021	1963	1681	541	-0.8747	-0.1133	-0.2211	0.4132	
737756.188739682	0	0	8	172	4	-466	104	-864	0	0	0	589	2914	-2695	335	-0.5185	-0.2688	-0.8098	0.0312	1	-1	5	0	-470	9	838	0	0	0	782	1873	1681	542	-0.8792	-0.1196	-0.2329	0.3955	
737756.188740155	0	0	5	86	-2	-453	24	-1059	0	0	0	604	2569	-2980	339	-0.3977	-0.2795	-0.8719	0.0393	1	0	1	2	-475	-12	826	0	0	0	961	1963	1591	543	-0.8761	-0.1103	-0.2418	0.3998	
737756.188740883	0	0	22	-16	12	-549	-21	-945	0	0	0	619	2464	-3055	339	-0.327	-0.2837	-0.8973	0.0756	1	-1	-2	2	-481	-20	844	0	0	0	991	1844	1681	545	-0.879	-0.0932	-0.2349	0.4022	
737756.188741425	0	0	21	-62	19	-672	-8	-770	0	0	0	754	2539	-2920	338	-0.3402	-0.2863	-0.8883	0.1075	1	2	-1	3	-474	1	853	0	0	0	1096	1888	1636	545	-0.8821	-0.096	-0.2242	0.4008	
737756.188741963	0	0	-21	-85	4	-710	35	-645	0	0	0	529	2884	-2785	335	-0.3971	-0.2844	-0.8623	0.1273	1	-4	0	0	-485	3	857	0	0	0	887	1978	1606	545	-0.8806	-0.116	-0.2364	0.3913	
737756.188742505	0	0	8	-113	-4	-649	62	-702	0	0	0	649	3034	-2665	337	-0.4152	-0.2821	-0.8543	0.1282	1	0	0	2	-480	-7	843	0	0	0	857	2008	1696	543	-0.8815	-0.1118	-0.2403	0.3883	
737756.188743054	0	0	40	-151	6	-684	93	-509	0	0	0	769	3244	-2395	335	-0.452	-0.2886	-0.831	0.1418	1	-5	0	0	-478	-4	835	0	0	0	961	2053	1711	543	-0.8866	-0.0925	-0.2335	0.3856	
737756.188743591	0	0	13	-164	0	-690	102	-332	0	0	0	739	3694	-1886	335	-0.5294	-0.2954	-0.7772	0.1631	1	1	0	3	-481	0	854	0	0	0	976	1978	1666	542	-0.8858	-0.0973	-0.2267	0.3906	
737756.188744135	0	0	13	-190	-1	-698	52	-179	0	0	0	649	3963	-1406	338	-0.5969	-0.2839	-0.7225	0.1984	1	-3	1	2	-486	16	832	0	0	0	917	1918	1606	538	-0.8816	-0.1165	-0.2366	0.3888	
737756.188744679	0	0	14	-199	3	-662	78	-36	0	0	0	829	3903	-1046	335	-0.6389	-0.2768	-0.6829	0.2153	1	-4	1	0	-485	12	835	0	0	0	872	1933	1711	537	-0.8814	-0.1139	-0.238	0.3894	
737756.188745223	0	0	14	-199	3	-662	78	-36	0	0	0	829	3903	-1046	335	-0.6389	-0.2768	-0.6829	0.2153	1	-4	1	0	-485	12	835	0	0	0	872	1933	1711	537	-0.8814	-0.1139	-0.238	0.3894	
737756.188745616	0	0	14	-199	3	-662	78	-36	0	0	0	829	3903	-1046	335	-0.6389	-0.2768	-0.6829	0.2153	1	-4	1	0	-485	12	835	0	0	0	872	1933	1711	537	-0.8814	-0.1139	-0.238	0.3894	
737756.188746125	0	0	14	-199	3	-662	78	-36	0	0	0	829	3903	-1046	335	-0.6389	-0.2768	-0.6829	0.2153	1	-4	1	0	-485	12	835	0	0	0	872	1933	1711	537	-0.8814	-0.1139	-0.238	0.3894	
737756.188746557	0	0	26	-167	8	-464	92	795	0	0	0	799	3937	1292	335	-0.8625	-0.179	-0.3647	0.2959	1	-3	2	-1	-489	-9	823	0	0	0	1066	1888	1666	525	-0.8789	-0.0962	-0.2404	0.3984	
737756.188747085	0	0	26	-167	8	-464	92	795	0	0	0	799	3937	1292	335	-0.8625	-0.179	-0.3647	0.2959	1	-1	0	1	-488	-16	834	0	0	0	887	1948	1666	523	-0.8799	-0.1045	-0.2408	0.3938	
737756.188747628	0	0	61	-177	14	-436	119	859	0	0	0	574	3683	2147	337	-0.9148	-0.1527	-0.2196	0.2969	1	-1	0	1	-488	-16	834	0	0	0	887	1948	1666	523	-0.8799	-0.1045	-0.2408	0.3938	
737756.188748164	0	0	-57	-127	1	-754	126	1872	0	0	0	411	2923	3141	342	-0.9428	-0.0914	-0.1536	0.2761	1	-3	0	1	-501	-5	863	0	0	0	961	1784	1621	508	-0.8792	-0.0943	-0.2329	0.4016	
737756.188748891	0	0	28	-7	26	-418	137	1259	0	0	0	411	2803	3351	342	-0.9568	-0.1042	-0.1445	0.2239	1	5	-3	6	-485	-3	845	0	0	0	887	2008	1726	487	-0.8815	-0.1118	-0.2382	0.3898	
737756.188749435	0	0	-25	22	-3	-339	122	928	0	0	0	261	2833	3171	340	-0.9575	-0.0895	-0.1461	0.2255	1	8	-1	2	-479	25	828	0	0	0	842	1963	1771	445	-0.8831	-0.1215	-0.2336	0.3858	
737756.188749978	0	0	-7	8	1	-300	121	812	0	0	0	471	2773	3141	339	-0.9548	-0.0902	-0.1517	0.2342	1	13	5	-4	-479	56	819	0	0	0	827	1948	1846	409	-0.8816	-0.1313	-0.2259	0.3908	
737756.188750514	0	0	16	-9	4	-359	140	888	0	0	0	426	2908	3216	340	-0.9472	-0.1237	-0.1654	0.2402	1	12	7	-1	-433	-23	885	0	0	0	857	2068	1696	383	-0.883	-0.1167	-0.2124	0.3975	
737756.188751241	0	0	-16	-18	-5	-398	139	987	0	0	0	306	2758	3216	338	-0.9446	-0.1188	-0.1675	0.2509	1	22	0	-12	-479	31	821	0	0	0	857	1948	1786	374	-0.8823	-0.1355	-0.2157	0.3918	
737756.188751635	0	0	0	-6	3	-359	136	994	0	0	0	456	2638	3276	337	-0.9482	-0.1142	-0.1502	0.2507	1	-11	-15	5	-581	46	740	0	0	0	947	2008	1816	374	-0.8632	-0.1458	-0.2655	0.4014	
737756.18875211	0	0	4	0	2	-372	151	979	0	0	0	426	2698	3156	335	-0.9473	-0.1169	-0.1445	0.2574	1	-10	-5	0	-435	-28	807	0	0	0	812	2023	1711	376	-0.876	-0.1022	-0.2307	0.4073	
737756.18875265	0	0	-4	-3	1	-373	136	951	0	0	0	291	2743	3351	338	-0.9473	-0.1008	-0.1499	0.2588	1	-2	-7	-2	-536	55	849	0	0	0	782	1993	1711	376	-0.8767	-0.1407	-0.2431	0.388	
737756.188753371	0	0	-3	0	-2	-371	140	960	0	0	0	441	2773	3231	339	-0.9428	-0.1229	-0.1573	0.262	1	-9	-1	1	-442	5	887	0	0	0	917	1948	1846	376	-0.8867	-0.098	-0.2072	0.3974	
737756.188753914	0	0	-2	-2	-2	-364	122	955	0	0	0	381	2713	3321	338	-0.9427	-0.1173	-0.1586	0.2641	1	5	9	-3	-521	13	845	0	0	0	827	1948	1756	375	-0.8786	-0.1181	-0.249	0.3877	
737756.188754459	0	0	-2	-4	1	-352	117	955	0	0	0	366	2638	3186	339	-0.9467	-0.0907	-0.1483	0.2648	1	5	-6	8	-503	23	813	0	0	0	782	1963	1831	375	-0.8765	-0.1277	-0.2423	0.3936	
737756.188755003	0	0	-2	-1	1	-371	127	964	0	0	0	231	2743	3141	339	-0.9462	-0.1137	-0.1605	0.2513	1	-4	1	0	-456	49	834	0	0	0	887	1948	1726	376	-0.8843	-0.1263	-0.2157	0.3914	
737756.188755544	0	0	-3	-2	2	-365	129	960	0	0	0	336	2848	3216	339	-0.9477	-0.115	-0.1594	0.2459	1	5	-4	3	-508	17	870	0	0	0	857	1859	1846	376	-0.8723	-0.1137	-0.2278	0.4153	
737756.188756265	0	0	-2	0	0	-372	135	963	0	0	0	426	2668	3216	339	-0.9458	-0.0943	-0.1543	0.2641	1	14	11	-2	-607	165	727	0	0	0	797	1948	1726	383	-0.8916	-0.1301	-0.21	0.376	
737756.188756809	0	0	-2	0	0	-363	130	950	0	0	0	351	2803	3441	339	-0.9465	-0.1172	-0.152	0.2538	1	-57	12	-7	-452	-4	819	0	0	0	752	1844	1741	433	-0.8869	-0.0993	-0.2323	0.3838	
737756.188757217	0	0	0	0	-1	-358	129	952	0	0	0	276	2758	3276	339	-0.9455	-0.1172	-0.1572	0.2542	1	-16	-6	-8	-481	-54	889	0	0	0	947	2038	1666	450	-0.8916	-0.0782	-0.2353	0.3757	
737756.188757907	0	0	0	-2	0	-366	125	946	0	0	0	426	2788	3216	339	-0.9452	-0.1171	-0.1617	0.2533	1	-2	-6	6	-464	-118	871	0	0	0	827	1799	1666	504	-0.8885	-0.0562	-0.2416	0.3824	
737756.188758486	0	0	-1	-1	0	-367	124	965	0	0	0	336	2788	3276	339	-0.9472	-0.092	-0.1533	0.2609	1	1	2	-10	-450	136	898	0	0	0	872	1963	1621	529	-0.9048	-0.1152	-0.1947	0.3567	
737756.188759029	0	0	0	-2	1	-364	128	972	0	0	0	381	2803	3201	338	-0.9506	-0.0926	-0.1457	0.2525	1	-3	-1	4	-519	-64	787	0	0	0	961	1903	1711	540	-0.8878	-0.0835	-0.2416	0.3796	
737756.188759565	0	0	-2	1	-2	-372	127	1036	0	0	0	261	2713	3231	339	-0.9491	-0.1105	-0.1531	0.2465	1	-1	0	-7	-442	36	854	0	0	0	1006	1948	1786	543	-0.8913	-0.1024	-0.2116	0.3833	
737756.188760291	0	0	-1	18	2	-391	130	1215	0	0	0	411	2833	3201	340	-0.956	-0.1011	-0.1433	0.2291	1	-13	4	1	-457	14	862	0	0	0	842	1903	1711	545	-0.89	-0.1001	-0.2198	0.3824	
737756.188760836	0	0	-2	46	2	-437	139	1184	0	0	0	366	2848	3096	338	-0.9556	-0.0813	-0.158	0.2296	1	4	-1	-3	-503	-2	851	0	0	0	1051	1993	1711	545	-0.8829	-0.0992	-0.2403	0.3886	
737756.188761379	0	0	-27	47	-6	-443	148	1270	0	0	0	441	3013	3021	339	-0.9584	-0.1044	-0.1565	0.2092	1	-5	0	5	-481	-15	835	0	0	0	902	1844	1621	547	-0.8807	-0.1018	-0.2374	0.3948	
737756.188761916	0	0	-22	90	-1	-506	85	1306	0	0	0	516	3268	2796	340	-0.9595	-0.0603	-0.1817	0.1993	1	3	-1	-3	-483	-1	849	0	0	0	991	1963	1801	543	-0.8793	-0.1072	-0.2346	0.3981	
737756.188762458	0	0	-14	111	7	-500	146	1344	0	0	0	621	3403	2571	339	-0.9624	-0.0812	-0.1749	0.1869	1	-3	0	3	-483	-1	845	0	0	0	1021	1933	1561	539	-0.8816	-0.0991	-0.2288	0.3981	
737756.188762884	0	0	-53	148	2	-547	161	1298	0	0	0	606	3478	1987	339	-0.9609	-0.0841	-0.1887	0.1783	1	1	0	1	-485	0	849	0	0	0	917	1918	1726	537	-0.883	-0.1067	-0.2326	0.3913	
737756.188763292	0	0	-52	194	-1	-514	84	1069	0	0	0	591	3733	1792	339	-0.9547	-0.0852	-0.2296	0.1608	1	0	0	2	-493	-1	829	0	0	0	976	1859	1666	534	-0.8784	-0.0988	-0.237	0.4007	
737756.188764024	0	0	-12	236	24	-445	81	629	0	0	0	891	4003	1160	338	-0.9335	-0.0977	-0.307	0.1506	1	2	-4	0	-483	14	835	0	0	0	872	1903	1591	529	-0.877	-0.1223	-0.2362	0.3978	
737756.188764563	0	0	-36	246	19	-501	79	367	0	0	0	621	4093	471	338	-0.8878	-0.1302	-0.4199	0.1292	1	-3	0	1	-483	5	843	0	0	0	961	1993	1621	527	-0.8809	-0.1127	-0.2355	0.3921	
737756.188765108	0	0	-18	239	22	-659	74	105	0	0	0	636	4168	-383	335	-0.8017	-0.1469	-0.5679	0.1063	1	-3	0	1	-497	3	858	0	0	0	872	1963	1771	523	-0.8804	-0.1117	-0.2378	0.3921	
737756.188765651	0	0	-19	235	20	-714	115	-9	0	0	0	617	3884	-1389	335	-0.7113	-0.1683	-0.6759	0.0853	1	-1	1	1	-477	2	853	0	0	0	932	1993	1561	520	-0.8885	-0.0955	-0.2283	0.3831	
737756.188766185	0	0	-36	238	11	-649	127	-322	0	0	0	617	3614	-2048	337	-0.6241	-0.1804	-0.7567	0.0591	1	-1	0	2	-503	-13	840	0	0	0	842	1903	1711	516	-0.8846	-0.1008	-0.2496	0.3783	
737756.188766729	0	0	-1	179	14	-573	161	-688	0	0	0	452	3025	-2703	335	-0.4982	-0.2002	-0.842	0.0304	1	0	0	1	-489	-1	841	0	0	0	947	1978	1606	511	-0.8878	-0.1048	-0.2418	0.3747	
737756.188767457	0	0	0	91	-1	-491	170	-949	0	0	0	497	2860	-3017	335	-0.3712	-0.2173	-0.9016	0.0179	1	1	0	1	-491	-2	845	0	0	0	872	2053	1741	507	-0.8907	-0.0951	-0.2404	0.3715	
737756.188768001	0	0	14	19	-7	-539	83	-1006	0	0	0	616	2560	-3107	335	-0.3194	-0.2184	-0.9206	0.0339	1	0	-1	1	-487	24	826	0	0	0	947	1829	1666	506	-0.8898	-0.1028	-0.23	0.3781	
737756.188768543	0	0	7	-55	4	-677	45	-843	0	0	0	392	2575	-3122	335	-0.3342	-0.2179	-0.9142	0.0579	1	-4	0	0	-489	17	829	0	0	0	857	2068	1816	505	-0.8878	-0.1034	-0.2342	0.3797	
737756.188769098	0	0	21	-84	-8	-705	53	-606	0	0	0	467	2770	-2898	335	-0.3936	-0.2156	-0.8884	0.0877	1	0	1	0	-495	5	858	0	0	0	902	2023	1741	504	-0.8889	-0.106	-0.2389	0.3739	
737756.18876952	0	0	-2	-80	-14	-734	36	-631	0	0	0	586	2800	-2898	335	-0.4187	-0.2121	-0.8767	0.0968	1	0	1	-1	-495	8	832	0	0	0	902	2023	1591	502	-0.8901	-0.1027	-0.2428	0.3695	
737756.188770037	0	0	10	-142	-5	-742	37	-602	0	0	0	556	3070	-2598	335	-0.4526	-0.2047	-0.8601	0.1085	1	-3	1	-1	-502	-19	813	0	0	0	872	2023	1681	501	-0.8847	-0.1012	-0.2583	0.3721	
737756.188770573	0	0	41	-157	2	-696	82	-368	0	0	0	586	3219	-2388	335	-0.5028	-0.2114	-0.8285	0.1202	1	0	-1	0	-497	0	827	0	0	0	887	1978	1636	498	-0.8879	-0.1068	-0.2477	0.3702	
737756.188771115	0	0	6	-164	1	-793	84	-197	0	0	0	796	3669	-1968	335	-0.6003	-0.2172	-0.7559	0.1389	1	-3	-1	0	-496	9	854	0	0	0	976	2008	1606	497	-0.8928	-0.0945	-0.2327	0.3706	
737756.188771843	0	0	24	-179	-8	-789	90	49	0	0	0	736	3999	-1279	333	-0.6987	-0.2134	-0.66	0.1695	1	-3	2	-1	-494	8	823	0	0	0	917	2068	1666	497	-0.8874	-0.1095	-0.2458	0.372	
737756.188772386	0	0	0	-186	-6	-770	70	214	0	0	0	734	3959	-607	334	-0.7773	-0.1944	-0.563	0.1985	1	-1	0	-2	-499	-3	839	0	0	0	887	1948	1636	496	-0.8842	-0.1061	-0.2462	0.38	
737756.18877293	0	0	11	-180	0	-740	29	506	0	0	0	809	4094	127	334	-0.8547	-0.148	-0.441	0.2261	1	-1	0	-1	-499	-2	836	0	0	0	887	2098	1636	493	-0.8858	-0.1056	-0.2481	0.3753	
737756.188773466	0	0	5	-155	3	-715	56	625	0	0	0	779	4064	606	334	-0.8866	-0.1338	-0.3846	0.2152	1	-1	0	-1	-508	-19	838	0	0	0	902	2053	1591	492	-0.8849	-0.1004	-0.2512	0.3762	
737756.188774008	0	0	19	-138	9	-657	-8	670	0	0	0	719	3914	1086	335	-0.905	-0.0987	-0.3501	0.216	1	0	0	2	-507	-8	831	0	0	0	842	2023	1531	493	-0.8863	-0.1086	-0.2545	0.3691	
737756.188774736	0	0	-10	-117	12	-601	93	725	0	0	0	704	3839	1581	335	-0.9306	-0.1202	-0.2863	0.1882	1	0	0	0	-501	5	839	0	0	0	857	1948	1546	491	-0.8873	-0.1077	-0.2431	0.3745	
737756.188775261	0	0	18	-144	12	-507	136	723	0	0	0	599	3615	1985	335	-0.934	-0.1299	-0.2592	0.2042	1	-4	0	0	-495	2	830	0	0	0	976	1948	1546	489	-0.8844	-0.1076	-0.2449	0.3798	
737756.188775803	0	0	44	-213	20	-375	262	1289	0	0	0	529	3277	2457	338	-0.9619	-0.1235	-0.1142	0.2071	1	-2	-1	0	-500	-6	832	0	0	0	827	2068	1546	489	-0.8842	-0.1132	-0.2515	0.3741	
737756.18877653	0	0	-62	-140	-4	-472	175	1684	0	0	0	394	2962	2921	340	-0.9697	-0.0639	-0.122	0.1941	1	-4	0	3	-513	-20	843	0	0	0	917	1978	1546	489	-0.8854	-0.101	-0.2544	0.3733	
737756.188777074	0	0	10	-69	-8	-404	89	1482	0	0	0	484	2722	3101	341	-0.9734	-0.0565	-0.1189	0.1792	1	1	-1	2	-505	-10	837	0	0	0	902	1963	1636	486	-0.8868	-0.0985	-0.247	0.3758	
737756.188777618	0	0	10	29	7	-306	79	1159	0	0	0	376	2383	3289	341	-0.9731	-0.0424	-0.122	0.1818	1	0	0	0	-498	7	828	0	0	0	976	2098	1666	477	-0.8897	-0.1044	-0.2438	0.3692	
737756.188778154	0	0	-13	21	-7	-289	101	869	0	0	0	241	2578	3154	339	-0.9647	-0.0881	-0.1493	0.1906	1	0	-4	0	-494	-11	807	0	0	0	961	2143	1621	459	-0.8845	-0.106	-0.255	0.3736	
737756.18877888	0	0	6	1	0	-288	100	911	0	0	0	451	2608	3184	339	-0.9626	-0.0888	-0.1402	0.2078	1	22	-5	-3	-479	95	870	0	0	0	842	1993	1411	406	-0.891	-0.149	-0.212	0.3697	
737756.188779424	0	0	-10	-11	-5	-333	95	965	0	0	0	421	2668	3094	339	-0.9595	-0.0661	-0.1452	0.226	1	29	10	-2	-544	-51	860	0	0	0	782	1963	1831	381	-0.8846	-0.1177	-0.2289	0.385	
737756.188779864	0	0	2	-9	-4	-321	96	1028	0	0	0	406	2533	3259	340	-0.9609	-0.0631	-0.1315	0.2283	1	1	7	0	-428	85	693	0	0	0	812	2113	1651	373	-0.8808	-0.1492	-0.2226	0.3873	
737756.188780269	0	0	6	-1	0	-322	87	1034	0	0	0	526	2473	3079	339	-0.9596	-0.0839	-0.1374	0.2245	1	-45	-11	-14	-468	-10	763	0	0	0	812	2023	1741	375	-0.8714	-0.1395	-0.2525	0.3925	
737756.18878101	0	0	-4	5	1	-342	110	997	0	0	0	436	2593	3289	340	-0.9546	-0.076	-0.1518	0.2395	1	-2	-16	0	-520	-24	859	0	0	0	797	1859	1666	376	-0.8765	-0.0942	-0.2513	0.3964	
737756.188781554	0	0	-1	4	1	-337	101	963	0	0	0	421	2608	3184	340	-0.9545	-0.0735	-0.1491	0.2417	1	5	-17	0	-510	-6	906	0	0	0	976	1978	1636	376	-0.8838	-0.0981	-0.2347	0.3902	
737756.188782097	0	0	-2	2	0	-335	112	962	0	0	0	406	2593	3199	339	-0.9525	-0.1004	-0.1494	0.24	1	8	7	-3	-455	-3	853	0	0	0	857	1918	1726	376	-0.8987	-0.0875	-0.2198	0.3655	
737756.188782632	0	0	-2	2	0	-325	99	950	0	0	0	301	2608	3244	340	-0.9547	-0.078	-0.1412	0.2432	1	11	9	-6	-491	-8	852	0	0	0	947	1918	1816	376	-0.8874	-0.0873	-0.2345	0.384	
737756.188783175	0	0	0	-3	5	-321	116	959	0	0	0	436	2503	3139	340	-0.956	-0.0796	-0.1313	0.2434	1	-4	-24	1	-633	112	730	0	0	0	902	1963	1651	396	-0.8766	-0.1427	-0.2679	0.3703	
737756.188783718	0	0	-3	-2	0	-338	111	951	0	0	0	346	2563	3199	338	-0.9543	-0.1039	-0.1409	0.2371	1	-10	0	-21	-464	-7	897	0	0	0	1021	1963	1711	428	-0.8915	-0.0918	-0.2137	0.3856	
737756.188784263	0	0	1	-5	1	-330	111	987	0	0	0	391	2548	3244	338	-0.9546	-0.0786	-0.1352	0.2468	1	-20	5	4	-537	-37	804	0	0	0	947	1859	1606	461	-0.8732	-0.0941	-0.2695	0.3926	
737756.188784805	0	0	-2	0	-7	-322	111	1091	0	0	0	316	2593	3259	340	-0.9587	-0.077	-0.1258	0.2359	1	-16	-1	2	-475	-143	801	0	0	0	1036	2068	1816	510	-0.8765	-0.0575	-0.256	0.4004	
737756.18878535	0	0	-3	18	-1	-341	85	1153	0	0	0	391	2578	3274	340	-0.961	-0.0845	-0.1354	0.2194	1	-1	-9	0	-405	8	874	0	0	0	1096	1888	1666	528	-0.8925	-0.0584	-0.2192	0.3853	
737756.188785892	0	0	-5	39	-3	-366	108	1226	0	0	0	376	2713	3079	340	-0.9649	-0.0642	-0.1267	0.213	1	-3	-3	7	-403	-84	863	0	0	0	1156	1859	1546	537	-0.8976	-0.0565	-0.2075	0.3812	
737756.188786337	0	0	-8	49	-2	-397	95	1371	0	0	0	541	2788	2914	339	-0.9666	-0.0589	-0.1347	0.2014	1	3	-3	-3	-420	29	862	0	0	0	961	2023	1561	541	-0.8994	-0.0974	-0.2137	0.3637	
737756.188786814	0	0	-22	89	0	-453	64	1382	0	0	0	391	2818	2794	339	-0.9674	-0.0467	-0.1567	0.184	1	5	-2	3	-525	-56	858	0	0	0	932	1873	1561	539	-0.8914	-0.0805	-0.242	0.3714	
737756.188787353	0	0	-25	107	6	-463	80	1326	0	0	0	436	3133	2659	340	-0.9716	-0.0557	-0.1602	0.1587	1	-3	3	-1	-429	-2	833	0	0	0	1036	1859	1606	530	-0.8946	-0.0862	-0.212	0.3806	
737756.188787895	0	0	-43	145	6	-502	85	1263	0	0	0	601	3478	2284	339	-0.9654	-0.0686	-0.193	0.1522	1	-5	0	0	-469	-40	834	0	0	0	1036	2008	1546	526	-0.8869	-0.0789	-0.2373	0.3856	
737756.188788444	0	0	-38	186	18	-488	46	995	0	0	0	689	3624	1928	339	-0.9566	-0.0636	-0.2368	0.1506	1	0	-4	6	-485	-30	853	0	0	0	1036	1978	1696	521	-0.8857	-0.0892	-0.2412	0.3839	
737756.188788984	0	0	-21	211	22	-468	67	717	0	0	0	644	3999	1284	335	-0.9405	-0.0886	-0.2923	0.1424	1	0	1	1	-477	-1	852	0	0	0	991	2023	1741	513	-0.8902	-0.0906	-0.23	0.3801	
737756.188789525	0	0	-38	222	23	-548	90	580	0	0	0	734	4149	354	335	-0.915	-0.1068	-0.3664	0.1241	1	-4	0	4	-476	-23	841	0	0	0	1006	1918	1696	507	-0.8881	-0.0794	-0.2344	0.3847	
737756.188790246	0	0	-19	237	28	-649	82	275	0	0	0	631	4152	-649	335	-0.833	-0.1219	-0.5288	0.0992	1	-1	-2	2	-476	-12	852	0	0	0	932	2023	1561	501	-0.8913	-0.1002	-0.2389	0.3694	
737756.18879079	0	0	-31	260	23	-643	140	91	0	0	0	421	4032	-1278	335	-0.7532	-0.1531	-0.635	0.0663	1	-3	2	1	-478	-16	862	0	0	0	1021	1933	1651	497	-0.891	-0.0803	-0.2296	0.3808	
737756.188791333	0	0	-46	272	26	-563	145	-383	0	0	0	435	3686	-2049	335	-0.6314	-0.1686	-0.7552	0.0264	1	1	1	0	-482	-17	848	0	0	0	991	1963	1501	496	-0.8883	-0.0918	-0.2411	0.3777	
737756.18879187	0	0	-2	212	38	-529	187	-862	0	0	0	210	3132	-2694	335	-0.5124	-0.1866	-0.837	-0.0012	1	-1	1	1	-494	-25	829	0	0	0	976	1978	1576	492	-0.8867	-0.087	-0.2486	0.3777	
737756.188792412	0	0	19	96	20	-374	204	-1118	0	0	0	329	2740	-3267	339	-0.3826	-0.2128	-0.8979	-0.0094	1	-2	2	-2	-481	-6	831	0	0	0	947	1829	1576	493	-0.8909	-0.0932	-0.2397	0.3719	
737756.188792955	0	0	21	-7	15	-470	145	-1064	0	0	0	404	2425	-3192	335	-0.3152	-0.2291	-0.92	0.005	1	4	0	1	-492	-17	850	0	0	0	947	1948	1546	492	-0.8915	-0.0948	-0.242	0.3686	
737756.188793683	0	0	13	-100	-10	-718	117	-738	0	0	0	344	2755	-3042	335	-0.3663	-0.2292	-0.8997	0.0448	1	-4	3	-4	-488	-6	837	0	0	0	961	1993	1591	494	-0.8868	-0.1019	-0.2442	0.3767	
737756.188794227	0	0	23	-117	-22	-739	91	-526	0	0	0	389	2980	-2877	335	-0.4406	-0.2181	-0.866	0.0809	1	5	-3	1	-493	-42	827	0	0	0	1036	2008	1486	492	-0.8855	-0.087	-0.2522	0.3781	
737756.18879477	0	0	24	-130	-20	-778	79	-432	0	0	0	419	3189	-2607	335	-0.4927	-0.2128	-0.8368	0.1005	1	-3	0	-1	-491	-31	823	0	0	0	991	1963	1621	492	-0.8865	-0.0836	-0.2492	0.3786	
737756.188795305	0	0	17	-134	-14	-810	77	-259	0	0	0	584	3384	-2202	335	-0.5675	-0.2095	-0.7854	0.1245	1	-1	0	3	-514	-52	836	0	0	0	991	2023	1501	492	-0.887	-0.0754	-0.2587	0.3721	
737756.188796035	0	0	29	-149	-17	-829	55	-123	0	0	0	659	3759	-1558	335	-0.6331	-0.2037	-0.7291	0.1562	1	0	-2	3	-500	0	837	0	0	0	722	2053	1621	490	-0.891	-0.1136	-0.2503	0.3583	
737756.188796577	0	0	13	-157	-8	-815	22	54	0	0	0	671	3884	-1078	335	-0.7037	-0.1924	-0.6566	0.1867	1	-2	1	0	-485	1	838	0	0	0	902	2023	1621	487	-0.8898	-0.1065	-0.2418	0.3696	
737756.18879712	0	0	6	-160	0	-763	21	161	0	0	0	850	4004	-598	335	-0.7542	-0.1738	-0.5971	0.2068	1	1	0	0	-488	2	839	0	0	0	991	2023	1621	486	-0.8877	-0.1004	-0.2399	0.3777	
737756.188797656	0	0	41	-161	0	-760	29	255	0	0	0	701	4123	-268	335	-0.7839	-0.1758	-0.5526	0.218	1	0	0	-2	-497	-15	828	0	0	0	1066	1888	1636	483	-0.8836	-0.0879	-0.242	0.3878	
737756.188798201	0	0	21	-164	7	-663	67	429	0	0	0	906	4084	354	335	-0.8372	-0.1674	-0.4623	0.2328	1	-1	0	-1	-494	-22	831	0	0	0	976	2038	1606	484	-0.8832	-0.0998	-0.2504	0.3811	
737756.188798744	0	0	19	-163	1	-633	108	614	0	0	0	636	3964	804	335	-0.8882	-0.1659	-0.3584	0.2285	1	1	0	0	-498	-27	848	0	0	0	917	1859	1636	478	-0.8855	-0.092	-0.2481	0.3794	
737756.188799471	0	0	39	-140	24	-442	144	656	0	0	0	576	3634	1583	335	-0.9162	-0.1564	-0.2815	0.2309	1	1	-1	3	-507	-21	832	0	0	0	812	1933	1681	475	-0.8874	-0.0934	-0.2514	0.3726	
737756.188800016	0	0	39	-140	24	-442	144	656	0	0	0	576	3634	1583	335	-0.9162	-0.1564	-0.2815	0.2309	1	0	-2	3	-499	-13	825	0	0	0	917	2008	1726	475	-0.8877	-0.0965	-0.2496	0.3725	
737756.188800559	0	0	39	-140	24	-442	144	656	0	0	0	576	3634	1583	335	-0.9162	-0.1564	-0.2815	0.2309	1	0	-2	3	-499	-13	825	0	0	0	917	2008	1726	475	-0.8877	-0.0965	-0.2496	0.3725	
737756.188801094	0	0	39	-140	24	-442	144	656	0	0	0	576	3634	1583	335	-0.9162	-0.1564	-0.2815	0.2309	1	0	-2	3	-499	-13	825	0	0	0	917	2008	1726	475	-0.8877	-0.0965	-0.2496	0.3725	
737756.18880182	0	0	3	-114	-11	-470	295	1657	0	0	0	105	2861	3012	340	-0.9588	-0.1197	-0.1111	0.2247	1	1	-2	3	-494	3	832	0	0	0	887	1918	1756	471	-0.8941	-0.0892	-0.2366	0.3664	
737756.188802364	0	0	-32	11	4	-348	96	1002	0	0	0	180	2726	3147	339	-0.9626	-0.0959	-0.1559	0.1933	1	-3	-1	-2	-492	-2	817	0	0	0	961	2083	1621	468	-0.8898	-0.1016	-0.2496	0.3658	
737756.188802908	0	0	15	12	5	-311	121	923	0	0	0	345	2681	3132	338	-0.9625	-0.0811	-0.1506	0.2041	1	2	-3	1	-518	-33	851	0	0	0	857	2008	1576	462	-0.8887	-0.0845	-0.2555	0.3686	
737756.188803444	0	0	-8	5	7	-370	126	873	0	0	0	300	2696	3057	335	-0.9559	-0.1002	-0.1788	0.2044	1	5	-3	3	-509	-24	866	0	0	0	812	1963	1591	446	-0.8925	-0.0975	-0.2485	0.3608	
737756.188804008	0	0	9	-2	3	-396	156	947	0	0	0	270	2846	3117	338	-0.9525	-0.1068	-0.1655	0.2252	1	22	5	0	-454	90	843	0	0	0	872	2053	1771	401	-0.9	-0.132	-0.2024	0.3591	
737756.188804552	0	0	-8	-2	5	-400	165	943	0	0	0	285	2771	3042	338	-0.9486	-0.127	-0.1734	0.2268	1	12	12	-3	-419	61	820	0	0	0	917	2098	1756	383	-0.8939	-0.1207	-0.2095	0.373	
737756.188805096	0	0	-1	-1	5	-395	188	949	0	0	0	240	2756	2967	338	-0.9484	-0.1291	-0.1687	0.2291	1	-12	-4	-1	-479	63	798	0	0	0	842	2083	1741	374	-0.8877	-0.1224	-0.2378	0.371	
737756.188805631	0	0	-1	-1	5	-395	188	949	0	0	0	240	2756	2967	338	-0.9484	-0.1291	-0.1687	0.2291	1	-8	-19	-2	-540	135	773	0	0	0	842	2053	1621	374	-0.8864	-0.1421	-0.2409	0.3653	
737756.188806174	0	0	-1	-1	5	-395	188	949	0	0	0	240	2756	2967	338	-0.9484	-0.1291	-0.1687	0.2291	1	-8	-19	-2	-540	135	773	0	0	0	842	2053	1621	374	-0.8864	-0.1421	-0.2409	0.3653	
737756.188806904	0	0	-1	-1	5	-395	188	949	0	0	0	240	2756	2967	338	-0.9484	-0.1291	-0.1687	0.2291	1	-8	-19	-2	-540	135	773	0	0	0	842	2053	1621	374	-0.8864	-0.1421	-0.2409	0.3653	
737756.188807445	0	0	-1	-1	5	-395	188	949	0	0	0	240	2756	2967	338	-0.9484	-0.1291	-0.1687	0.2291	1	-8	-19	-2	-540	135	773	0	0	0	842	2053	1621	374	-0.8864	-0.1421	-0.2409	0.3653	
737756.188807982	0	0	-1	-1	5	-395	188	949	0	0	0	240	2756	2967	338	-0.9484	-0.1291	-0.1687	0.2291	1	-8	-19	-2	-540	135	773	0	0	0	842	2053	1621	374	-0.8864	-0.1421	-0.2409	0.3653	
737756.188808524	0	0	-1	-1	5	-395	188	949	0	0	0	240	2756	2967	338	-0.9484	-0.1291	-0.1687	0.2291	1	-8	-19	-2	-540	135	773	0	0	0	842	2053	1621	374	-0.8864	-0.1421	-0.2409	0.3653	
737756.188809251	0	0	-1	-1	5	-395	188	949	0	0	0	240	2756	2967	338	-0.9484	-0.1291	-0.1687	0.2291	1	-3	-2	-7	-728	153	682	0	0	0	797	1918	1756	398	-0.8945	-0.1248	-0.2355	0.3553	
737756.188809774	0	0	0	-1	1	-395	163	948	0	0	0	150	2816	3117	338	-0.9465	-0.1167	-0.1613	0.2497	1	-33	16	-17	-517	-3	903	0	0	0	902	2023	1681	428	-0.8927	-0.0961	-0.2432	0.3644	
737756.188810501	0	0	-3	0	-1	-401	152	1008	0	0	0	270	2756	3117	339	-0.9465	-0.1042	-0.1593	0.2542	1	5	-14	-2	-551	-61	816	0	0	0	857	1978	1606	483	-0.8856	-0.0967	-0.2577	0.3709	
737756.188811045	0	0	-2	12	2	-402	145	1133	0	0	0	300	2666	2967	340	-0.9535	-0.1163	-0.1516	0.2275	1	-18	8	0	-406	-114	842	0	0	0	872	1873	1591	522	-0.8949	-0.0346	-0.2335	0.3755	
737756.188811589	0	0	-10	34	5	-439	172	1200	0	0	0	300	2786	3087	340	-0.9569	-0.1139	-0.1604	0.2081	1	-2	-4	2	-454	84	846	0	0	0	1036	2008	1606	532	-0.903	-0.1175	-0.2111	0.3517	
737756.188812124	0	0	-21	48	-2	-463	177	1329	0	0	0	240	3026	2847	340	-0.9621	-0.0899	-0.1472	0.2026	1	0	-7	9	-523	-94	835	0	0	0	932	1933	1591	538	-0.8932	-0.0669	-0.2431	0.369	
737756.188812851	0	0	-32	111	2	-543	165	1522	0	0	0	435	3161	2592	340	-0.9655	-0.0706	-0.1668	0.1786	1	-5	2	1	-531	-54	854	0	0	0	902	1903	1621	540	-0.8935	-0.0907	-0.2361	0.3675	
737756.188813394	0	0	-59	162	12	-551	121	1179	0	0	0	465	3430	2143	339	-0.9574	-0.0857	-0.2209	0.1567	1	0	1	2	-469	8	845	0	0	0	872	2143	1591	536	-0.8978	-0.1069	-0.229	0.3572	
737756.188813938	0	0	-29	197	26	-519	123	939	0	0	0	675	3730	1633	339	-0.9493	-0.0984	-0.2531	0.1528	1	1	0	1	-485	22	819	0	0	0	842	1963	1561	531	-0.8942	-0.113	-0.2375	0.3596	
737756.188814471	0	0	-48	211	27	-494	140	751	0	0	0	495	3970	1063	338	-0.9414	-0.1163	-0.2885	0.1236	1	0	-1	0	-496	11	828	0	0	0	961	2113	1561	527	-0.8906	-0.1055	-0.245	0.3661	
737756.188815015	0	0	-42	215	24	-535	111	480	0	0	0	569	4101	190	339	-0.9015	-0.129	-0.3964	0.1087	1	1	-3	-2	-496	6	842	0	0	0	917	2008	1636	522	-0.8889	-0.0996	-0.2409	0.3743	
737756.188815537	0	0	-20	220	36	-600	117	344	0	0	0	569	4251	-439	338	-0.8551	-0.1401	-0.4883	0.0957	1	-6	0	0	-503	-29	830	0	0	0	872	2083	1711	520	-0.8847	-0.0922	-0.2566	0.3757	
737756.188816265	0	0	-41	247	30	-692	200	95	0	0	0	299	4071	-1248	337	-0.7609	-0.1806	-0.6205	0.0411	1	0	-3	1	-500	-34	847	0	0	0	1036	1799	1636	515	-0.8885	-0.0724	-0.2425	0.3796	
737756.188816808	0	0	-45	262	19	-615	218	-172	0	0	0	231	3638	-2001	338	-0.68	-0.1965	-0.705	0.0087	1	1	-2	3	-493	0	840	0	0	0	917	2008	1636	510	-0.8928	-0.1014	-0.2439	0.3624	
737756.188817353	0	0	-30	210	14	-532	297	-668	0	0	0	201	3189	-2810	339	-0.5491	-0.2164	-0.8053	-0.0326	1	1	0	2	-489	4	848	0	0	0	917	2068	1726	505	-0.8943	-0.092	-0.2331	0.3677	
737756.188817888	0	0	0	136	-5	-282	282	-1083	0	0	0	-9	2616	-3145	339	-0.4138	-0.2306	-0.8779	-0.0514	1	-2	0	2	-490	0	830	0	0	0	976	2128	1636	502	-0.8908	-0.1045	-0.2461	0.3648	
737756.188818436	0	0	6	43	-1	-309	237	-1279	0	0	0	-84	2391	-3370	340	-0.3263	-0.2404	-0.9119	-0.0478	1	-2	0	1	-483	17	825	0	0	0	961	1933	1591	499	-0.8922	-0.1012	-0.2367	0.3688	
737756.188818973	0	0	29	-72	-8	-575	127	-1006	0	0	0	20	2376	-3205	337	-0.3077	-0.2436	-0.9188	-0.0042	1	-5	0	1	-494	7	841	0	0	0	827	1859	1606	497	-0.892	-0.0938	-0.2366	0.3709	
737756.188819517	0	0	22	-125	-27	-668	62	-697	0	0	0	155	2661	-3100	337	-0.3713	-0.2296	-0.8973	0.0513	1	-1	0	0	-493	8	842	0	0	0	872	2053	1621	496	-0.8908	-0.1101	-0.2435	0.3647	
737756.188820061	0	0	17	-118	-25	-625	60	-619	0	0	0	260	2976	-2935	335	-0.4058	-0.2198	-0.8828	0.0777	1	-4	2	-2	-495	-12	841	0	0	0	887	2098	1696	496	-0.8902	-0.0905	-0.2446	0.3709	
737756.188820605	0	0	22	-155	-9	-667	81	-518	0	0	0	425	3290	-2530	335	-0.4575	-0.2161	-0.8562	0.0962	1	-2	1	0	-509	-35	822	0	0	0	932	2083	1651	494	-0.8928	-0.0779	-0.2583	0.3581	
737756.188821022	0	0	49	-181	-10	-680	105	-374	0	0	0	440	3515	-2095	335	-0.5119	-0.2214	-0.8214	0.1117	1	1	-1	2	-511	-22	827	0	0	0	902	1844	1561	492	-0.894	-0.0795	-0.2519	0.3593	
737756.188821485	0	0	54	-216	-3	-650	98	-150	0	0	0	623	3789	-1639	335	-0.5979	-0.2288	-0.7542	0.139	1	-1	1	0	-518	-5	841	0	0	0	887	1948	1576	492	-0.8928	-0.0929	-0.2517	0.3595	
737756.188822028	0	0	22	-241	3	-669	92	114	0	0	0	548	4014	-905	335	-0.7174	-0.2188	-0.6357	0.1742	1	-1	3	3	-505	0	840	0	0	0	872	2023	1531	491	-0.8927	-0.1049	-0.2481	0.3589	
737756.188822573	0	0	28	-232	-10	-626	103	369	0	0	0	683	4089	-200	335	-0.8426	-0.1977	-0.4562	0.201	1	-1	1	-2	-498	-1	822	0	0	0	872	2053	1501	489	-0.8932	-0.0955	-0.2512	0.3578	
737756.188823108	0	0	20	-207	-9	-572	162	750	0	0	0	638	4014	563	335	-0.9256	-0.164	-0.2762	0.1943	1	-2	1	1	-503	-12	828	0	0	0	961	2053	1561	487	-0.8955	-0.0884	-0.2517	0.3539	
737756.188823834	0	0	55	-183	-8	-528	117	845	0	0	0	623	3879	1238	338	-0.942	-0.1236	-0.2449	0.1885	1	0	0	0	-516	-10	837	0	0	0	917	2098	1576	487	-0.8933	-0.0981	-0.2575	0.3525	
737756.18882438	0	0	60	-184	11	-488	149	1015	0	0	0	683	3577	1848	338	-0.9568	-0.1007	-0.1856	0.1945	1	1	1	0	-503	0	817	0	0	0	932	2113	1711	486	-0.8926	-0.0992	-0.2536	0.3569	
737756.188824922	0	0	-13	-139	1	-465	195	1134	0	0	0	518	3292	2373	340	-0.9583	-0.1174	-0.1659	0.1953	1	-2	0	1	-513	-9	810	0	0	0	797	2158	1606	485	-0.8925	-0.0996	-0.2615	0.3512	
737756.188825459	0	0	42	-175	34	-408	175	1252	0	0	0	353	3007	2808	339	-0.9703	-0.0896	-0.1106	0.1878	1	0	-1	0	-508	3	823	0	0	0	902	2023	1621	487	-0.8915	-0.104	-0.2529	0.3585	
737756.188826001	0	0	-3	-141	-20	-340	257	1643	0	0	0	231	2434	3352	340	-0.9687	-0.0946	-0.0778	0.2116	1	0	-2	1	-520	7	833	0	0	0	961	2083	1501	485	-0.891	-0.1055	-0.2516	0.3605	
737756.188826731	0	0	-8	-24	6	-272	167	1421	0	0	0	231	2254	3412	340	-0.9734	-0.0629	-0.0904	0.1927	1	-1	0	0	-509	-4	829	0	0	0	767	2038	1486	486	-0.8918	-0.1093	-0.2573	0.3529	
737756.188827132	0	0	-2	20	-1	-219	128	1123	0	0	0	126	2149	3487	340	-0.9741	-0.0607	-0.0846	0.1916	1	0	-1	-1	-502	-4	805	0	0	0	947	2068	1546	484	-0.8902	-0.0971	-0.2547	0.3626	
737756.188827688	0	0	-10	12	3	-197	127	971	0	0	0	171	2284	3502	340	-0.9743	-0.0608	-0.0894	0.1894	1	-1	-3	3	-515	-32	822	0	0	0	961	2053	1591	472	-0.8895	-0.0897	-0.2632	0.36	
737756.188828232	0	0	-7	3	1	-228	145	937	0	0	0	186	2209	3457	341	-0.9679	-0.0967	-0.0988	0.2024	1	-6	4	-1	-489	51	840	0	0	0	827	2068	1456	452	-0.8986	-0.1255	-0.2316	0.3482	
737756.188828767	0	0	-4	-2	2	-246	155	988	0	0	0	261	2194	3442	342	-0.9634	-0.0834	-0.096	0.2283	1	10	12	0	-549	10	874	0	0	0	917	1948	1516	415	-0.8902	-0.0995	-0.2512	0.364	
737756.18882949	0	0	-6	1	1	-262	167	1018	0	0	0	216	2239	3487	341	-0.9604	-0.0912	-0.0971	0.2375	1	7	-8	5	-608	111	740	0	0	0	572	2173	1681	372	-0.8793	-0.138	-0.2761	0.3592	
737756.188830038	0	0	-4	2	2	-264	144	970	0	0	0	186	2389	3307	341	-0.9584	-0.1075	-0.1115	0.2333	1	-56	-15	-15	-510	-19	751	0	0	0	737	2008	1576	375	-0.8848	-0.1409	-0.2462	0.3652	
737756.188830582	0	0	0	1	2	-270	157	977	0	0	0	186	2239	3367	340	-0.9573	-0.1097	-0.1103	0.2377	1	-8	-20	-14	-411	-49	947	0	0	0	1021	2053	1471	377	-0.8963	-0.0612	-0.2187	0.3763	
737756.188831117	0	0	-4	-2	0	-266	133	992	0	0	0	321	2254	3352	340	-0.9569	-0.0817	-0.1058	0.2511	1	20	-6	-7	-545	-64	848	0	0	0	947	2008	1606	374	-0.8889	-0.0772	-0.2676	0.3609	
737756.188831847	0	0	-1	0	1	-265	144	995	0	0	0	171	2284	3352	340	-0.9592	-0.0815	-0.1049	0.2429	1	-1	4	-3	-469	-35	849	0	0	0	887	1948	1696	376	-0.8949	-0.0826	-0.2411	0.363	
737756.188832386	0	0	-2	-1	1	-258	136	988	0	0	0	201	2464	3472	340	-0.9589	-0.1039	-0.1087	0.2338	1	9	-5	3	-507	-9	810	0	0	0	1051	2053	1591	376	-0.8884	-0.0979	-0.2548	0.3669	
737756.188832909	0	0	-1	-2	2	-266	157	976	0	0	0	171	2284	3502	340	-0.9573	-0.11	-0.1185	0.2352	1	1	-7	1	-467	3	842	0	0	0	857	1888	1666	376	-0.8916	-0.0928	-0.2273	0.3781	
737756.188833452	0	0	0	-1	-1	-256	151	998	0	0	0	171	2254	3472	340	-0.9577	-0.1141	-0.1095	0.2344	1	1	5	1	-482	-6	860	0	0	0	976	1948	1726	375	-0.891	-0.0953	-0.235	0.3742	
737756.188834182	0	0	-1	0	0	-264	151	1006	0	0	0	81	2314	3412	340	-0.9619	-0.0872	-0.1077	0.2306	1	20	20	2	-481	-42	888	0	0	0	961	1903	1621	377	-0.8943	-0.0799	-0.2389	0.3674	
737756.188834725	0	0	1	0	-1	-243	141	1012	0	0	0	321	2284	3412	340	-0.9631	-0.0867	-0.0958	0.2285	1	-10	-22	1	-558	87	700	0	0	0	797	2098	1636	395	-0.881	-0.1518	-0.279	0.3481	
737756.188835146	0	0	1	2	-1	-243	141	1057	0	0	0	216	2419	3547	340	-0.9646	-0.0836	-0.0933	0.2244	1	-42	17	-7	-431	24	821	0	0	0	917	2008	1516	425	-0.8962	-0.1004	-0.2264	0.3634	
737756.188835697	0	0	-10	19	-2	-275	163	1153	0	0	0	336	2329	3367	341	-0.9616	-0.079	-0.093	0.2385	1	-1	-2	-9	-554	-64	849	0	0	0	917	2128	1636	455	-0.8843	-0.0824	-0.2772	0.3641	
737756.188836233	0	0	-6	43	-10	-286	148	1241	0	0	0	261	2434	3322	341	-0.9622	-0.0792	-0.0986	0.2339	1	4	-6	7	-558	-136	799	0	0	0	947	1918	1516	489	-0.885	-0.0759	-0.2708	0.3676	
737756.188836959	0	0	-27	85	-11	-359	169	1417	0	0	0	411	2644	3142	341	-0.9636	-0.0938	-0.1169	0.214	1	-8	-2	0	-417	23	864	0	0	0	991	1993	1681	506	-0.8972	-0.073	-0.228	0.3662	
737756.188837687	0	0	-26	137	-10	-432	83	1412	0	0	0	575	3078	2767	340	-0.9684	-0.068	-0.1418	0.1855	1	0	-4	3	-513	87	828	0	0	0	961	1933	1531	512	-0.8976	-0.0864	-0.2583	0.3419	
737756.188838222	0	0	-54	180	3	-541	101	1316	0	0	0	710	3303	2303	340	-0.9621	-0.056	-0.1921	0.1785	1	-2	-1	1	-545	-31	812	0	0	0	976	1888	1636	513	-0.897	-0.0811	-0.2543	0.3493	
737756.188838686	0	0	-64	197	4	-533	62	1102	0	0	0	740	3363	1973	339	-0.9531	-0.0741	-0.2327	0.1732	1	-3	-2	3	-545	-42	821	0	0	0	991	1993	1531	511	-0.8956	-0.0883	-0.2506	0.3535	
737756.188839228	0	0	-31	225	19	-476	62	879	0	0	0	818	3744	1380	339	-0.9516	-0.07	-0.249	0.1596	1	2	-2	1	-515	3	821	0	0	0	1021	1963	1501	507	-0.8942	-0.0951	-0.2498	0.3562	
737756.188839771	0	0	-51	252	27	-467	63	516	0	0	0	818	4074	541	338	-0.9161	-0.0941	-0.3634	0.1348	1	-2	0	1	-492	4	829	0	0	0	857	2008	1576	504	-0.8923	-0.1062	-0.2467	0.3602	
737756.188840313	0	0	-32	233	31	-570	86	179	0	0	0	743	4055	-240	339	-0.8428	-0.1236	-0.512	0.1019	1	0	0	-2	-496	11	823	0	0	0	902	1993	1561	502	-0.8923	-0.1067	-0.245	0.3613	
737756.188840859	0	0	-8	219	34	-691	103	72	0	0	0	518	3951	-824	339	-0.7723	-0.1476	-0.6111	0.0805	1	0	-1	-4	-497	-22	849	0	0	0	887	1978	1516	500	-0.8911	-0.0951	-0.2502	0.3639	
737756.188841403	0	0	-23	215	23	-707	139	-116	0	0	0	547	3830	-1609	339	-0.6845	-0.1712	-0.705	0.0577	1	-2	0	0	-509	-36	831	0	0	0	872	1993	1651	497	-0.8907	-0.0857	-0.2603	0.3604	
737756.18884194	0	0	0	190	8	-636	134	-475	0	0	0	562	3455	-2224	339	-0.5739	-0.1868	-0.7953	0.0367	1	-1	-1	2	-499	-26	813	0	0	0	1006	1978	1636	496	-0.892	-0.0815	-0.2538	0.3627	
737756.188842483	0	0	4	151	5	-540	125	-689	0	0	0	397	2990	-2748	338	-0.4815	-0.1987	-0.852	0.0292	1	-3	0	2	-507	-22	835	0	0	0	887	2038	1486	492	-0.8929	-0.0889	-0.2544	0.3581	
737756.188843025	0	0	3	81	12	-515	133	-966	0	0	0	457	2720	-2988	339	-0.383	-0.2108	-0.8981	0.0227	1	0	-1	1	-506	-11	832	0	0	0	991	2053	1591	492	-0.8921	-0.0948	-0.2529	0.3594	
737756.188843568	0	0	26	9	-1	-563	91	-947	0	0	0	516	2551	-2982	339	-0.3318	-0.2204	-0.9155	0.038	1	-4	0	1	-504	-11	813	0	0	0	842	1873	1621	491	-0.8893	-0.0959	-0.2562	0.364	
737756.188843992	0	0	-4	-29	-11	-628	48	-877	0	0	0	486	2551	-2982	339	-0.3333	-0.2178	-0.9149	0.0517	1	-6	1	3	-499	-11	838	0	0	0	976	1978	1546	492	-0.8898	-0.0976	-0.2487	0.3674	
737756.188844447	0	0	-1	-68	-14	-745	-8	-672	0	0	0	441	2566	-3027	337	-0.3711	-0.2054	-0.9011	0.0792	1	-2	0	-1	-509	-9	842	0	0	0	1006	2098	1606	494	-0.8885	-0.1	-0.2506	0.3683	
737756.188845165	0	0	-3	-90	-7	-807	3	-540	0	0	0	486	2821	-2802	335	-0.4531	-0.1898	-0.8628	0.112	1	-4	1	1	-516	-51	821	0	0	0	947	1918	1516	492	-0.8822	-0.0859	-0.2669	0.376	
737756.188845709	0	0	-1	-110	-1	-744	49	-505	0	0	0	606	3031	-2532	335	-0.4865	-0.1888	-0.8447	0.1113	1	-4	0	0	-517	-45	818	0	0	0	1066	2098	1546	493	-0.8852	-0.0853	-0.2668	0.3692	
737756.188846253	0	0	10	-114	-2	-691	76	-501	0	0	0	546	3331	-2382	339	-0.5066	-0.1953	-0.8318	0.1076	1	0	-4	5	-517	-33	825	0	0	0	1066	2038	1516	494	-0.8873	-0.089	-0.2612	0.367	
737756.18884679	0	0	19	-175	-5	-716	73	-346	0	0	0	546	3631	-2023	335	-0.5481	-0.1996	-0.8026	0.1178	1	1	2	1	-508	10	840	0	0	0	902	2113	1411	494	-0.8921	-0.1128	-0.2503	0.3559	
737756.188847333	0	0	24	-187	-11	-646	67	-119	0	0	0	601	3669	-1329	338	-0.6173	-0.1977	-0.7474	0.1388	1	-1	2	-1	-500	-2	826	0	0	0	1021	1963	1381	491	-0.8881	-0.1028	-0.2494	0.3697	
737756.188847875	0	0	11	-205	-15	-647	43	70	0	0	0	586	3984	-864	338	-0.7211	-0.1807	-0.6444	0.1743	1	0	1	-2	-509	-20	810	0	0	0	961	2053	1411	492	-0.8879	-0.0979	-0.263	0.3622	
737756.188848417	0	0	27	-239	-6	-549	-10	279	0	0	0	676	3984	-54	339	-0.816	-0.1402	-0.5137	0.219	1	0	0	-1	-526	-39	819	0	0	0	857	2008	1486	492	-0.8887	-0.0861	-0.2704	0.3576	
737756.18884896	0	0	58	-224	19	-451	111	766	0	0	0	826	3926	761	339	-0.894	-0.1315	-0.3546	0.2329	1	-1	0	-1	-529	-50	829	0	0	0	991	1993	1621	492	-0.8869	-0.0801	-0.2687	0.3647	
737756.188849505	0	0	16	-182	22	-439	150	1002	0	0	0	646	3776	1331	340	-0.957	-0.1217	-0.171	0.1914	1	1	0	0	-521	-23	811	0	0	0	1021	2083	1441	491	-0.8886	-0.0929	-0.2652	0.3601	
737756.188849923	0	0	32	-146	27	-471	144	1009	0	0	0	556	3506	1931	340	-0.9569	-0.1138	-0.1913	0.1813	1	-4	0	0	-523	-37	813	0	0	0	1006	2158	1516	490	-0.8872	-0.0861	-0.2694	0.3621	
737756.188850442	0	0	39	-136	47	-587	254	1237	0	0	0	481	3549	2161	340	-0.9565	-0.1298	-0.1865	0.1771	1	4	-2	3	-519	-16	826	0	0	0	947	2068	1516	490	-0.8915	-0.0955	-0.2606	0.3558	
737756.188850986	0	0	-1	-153	19	-695	327	1552	0	0	0	226	3294	2626	342	-0.9598	-0.125	-0.1609	0.1855	1	-4	0	1	-515	-6	819	0	0	0	917	2038	1486	487	-0.8893	-0.0955	-0.2554	0.3645	
737756.18885153	0	0	1	-115	-18	-572	263	1797	0	0	0	121	3069	3001	341	-0.9711	-0.0934	-0.1163	0.1781	1	1	-1	3	-518	-13	825	0	0	0	932	2143	1501	485	-0.8901	-0.1017	-0.2618	0.3564	
737756.188852074	0	0	-26	1	3	-402	161	1306	0	0	0	226	2844	3226	341	-0.9713	-0.0878	-0.1383	0.1642	1	0	-2	1	-502	-6	807	0	0	0	902	2113	1441	483	-0.8889	-0.1085	-0.2591	0.3592	
737756.18885261	0	0	-12	28	0	-336	113	828	0	0	0	316	2815	3046	342	-0.9629	-0.0791	-0.18	0.1787	1	0	2	-3	-520	15	829	0	0	0	902	2113	1681	462	-0.8912	-0.1047	-0.252	0.3599	
737756.188853153	0	0	0	11	6	-350	125	795	0	0	0	121	2949	2881	341	-0.9557	-0.1207	-0.1897	0.1838	1	16	0	-14	-520	46	844	0	0	0	857	2008	1516	426	-0.8906	-0.125	-0.2426	0.3614	
737756.188853695	0	0	-6	-8	4	-403	164	872	0	0	0	271	3039	3061	340	-0.9524	-0.1283	-0.1876	0.1976	1	19	12	17	-551	-17	832	0	0	0	857	2218	1456	383	-0.8792	-0.1173	-0.2749	0.3687	
737756.188854238	0	0	1	-9	0	-430	197	1005	0	0	0	301	2949	2941	342	-0.9524	-0.1139	-0.1692	0.2207	1	-10	-4	8	-583	146	724	0	0	0	872	2113	1741	376	-0.8818	-0.1306	-0.2804	0.3521	
737756.188854781	0	0	-6	3	-2	-427	156	984	0	0	0	301	2979	2971	340	-0.9486	-0.123	-0.1815	0.2229	1	-25	-5	-25	-452	-143	825	0	0	0	917	2248	1546	378	-0.8942	-0.0953	-0.2391	0.3615	
737756.18885551	0	0	-2	1	1	-408	137	911	0	0	0	241	2829	2941	341	-0.9478	-0.126	-0.1813	0.2252	1	10	-18	3	-574	18	810	0	0	0	902	2083	1561	374	-0.8831	-0.0982	-0.289	0.3523	
737756.188856035	0	0	-1	0	0	-423	131	911	0	0	0	286	2934	2896	340	-0.9444	-0.124	-0.1947	0.2291	1	0	-10	-10	-488	17	825	0	0	0	1006	2038	1576	374	-0.8925	-0.0971	-0.2474	0.3604	
737756.188856762	0	0	-8	-3	-4	-411	112	927	0	0	0	256	2964	2956	342	-0.9473	-0.0964	-0.189	0.2342	1	8	-4	7	-525	1	809	0	0	0	902	2113	1471	376	-0.8909	-0.1088	-0.2645	0.3502	
737756.188857306	0	0	1	-2	2	-407	116	942	0	0	0	241	2859	3091	339	-0.9521	-0.0896	-0.1786	0.2257	1	4	-4	-4	-496	23	803	0	0	0	961	2023	1591	374	-0.8922	-0.1099	-0.2453	0.3601	
737756.18885785	0	0	-1	-2	2	-410	140	930	0	0	0	286	2904	3046	340	-0.9507	-0.1154	-0.1836	0.2159	1	5	4	1	-534	-23	848	0	0	0	782	2023	1591	375	-0.8905	-0.0968	-0.2628	0.3562	
737756.188858393	0	0	0	-8	1	-402	143	917	0	0	0	331	2770	3091	340	-0.9503	-0.1007	-0.1752	0.2302	1	26	15	-9	-617	61	740	0	0	0	902	1993	1591	394	-0.906	-0.078	-0.2311	0.342	
737756.188858934	0	0	2	-7	-2	-407	167	974	0	0	0	241	2919	3091	341	-0.9499	-0.1084	-0.1658	0.2361	1	-55	26	4	-443	-48	834	0	0	0	917	2068	1606	422	-0.9039	-0.0586	-0.2382	0.3462	
737756.188859655	0	0	-2	0	-1	-401	141	988	0	0	0	256	2874	2986	341	-0.9491	-0.1191	-0.1708	0.2304	1	9	-7	0	-609	-26	814	0	0	0	1186	1948	1426	455	-0.8918	-0.0825	-0.2689	0.3512	
737756.188860199	0	0	-2	7	-4	-406	160	1021	0	0	0	166	2815	3076	340	-0.951	-0.1211	-0.1652	0.2259	1	0	-8	7	-548	127	807	0	0	0	1021	1933	1471	472	-0.8931	-0.1406	-0.2464	0.3455	
737756.188860736	0	0	-10	15	-9	-420	142	1048	0	0	0	376	2934	2986	339	-0.9525	-0.0927	-0.1643	0.2324	1	-12	-1	1	-424	-20	830	0	0	0	887	2008	1546	480	-0.8906	-0.1326	-0.2304	0.3641	
737756.188861278	0	0	-3	29	-8	-449	130	1086	0	0	0	346	2844	2866	341	-0.9505	-0.089	-0.1789	0.2322	1	3	-6	7	-561	-1	811	0	0	0	947	2008	1546	493	-0.8821	-0.1147	-0.261	0.372	
737756.188861833	0	0	-3	29	-8	-449	130	1086	0	0	0	346	2844	2866	341	-0.9505	-0.089	-0.1789	0.2322	1	3	-6	7	-561	-1	811	0	0	0	947	2008	1546	493	-0.8821	-0.1147	-0.261	0.372	
737756.188862376	0	0	-3	29	-8	-449	130	1086	0	0	0	346	2844	2866	341	-0.9505	-0.089	-0.1789	0.2322	1	3	-6	7	-561	-1	811	0	0	0	947	2008	1546	493	-0.8821	-0.1147	-0.261	0.372	
737756.188863104	0	0	-3	29	-8	-449	130	1086	0	0	0	346	2844	2866	341	-0.9505	-0.089	-0.1789	0.2322	1	3	-6	7	-561	-1	811	0	0	0	947	2008	1546	493	-0.8821	-0.1147	-0.261	0.372	
737756.188863648	0	0	-3	29	-8	-449	130	1086	0	0	0	346	2844	2866	341	-0.9505	-0.089	-0.1789	0.2322	1	3	-6	7	-561	-1	811	0	0	0	947	2008	1546	493	-0.8821	-0.1147	-0.261	0.372	
737756.188864184	0	0	-3	29	-8	-449	130	1086	0	0	0	346	2844	2866	341	-0.9505	-0.089	-0.1789	0.2322	1	3	-6	7	-561	-1	811	0	0	0	947	2008	1546	493	-0.8821	-0.1147	-0.261	0.372	
737756.188864726	0	0	-3	29	-8	-449	130	1086	0	0	0	346	2844	2866	341	-0.9505	-0.089	-0.1789	0.2322	1	3	-6	7	-561	-1	811	0	0	0	947	2008	1546	493	-0.8821	-0.1147	-0.261	0.372	
737756.188865269	0	0	-3	29	-8	-449	130	1086	0	0	0	346	2844	2866	341	-0.9505	-0.089	-0.1789	0.2322	1	3	-6	7	-561	-1	811	0	0	0	947	2008	1546	493	-0.8821	-0.1147	-0.261	0.372	
737756.188865811	0	0	-15	208	31	-678	54	606	0	0	0	537	4108	-85	338	-0.8984	-0.0908	-0.4108	0.1187	1	-1	-1	0	-520	-32	813	0	0	0	932	1993	1381	501	-0.884	-0.0975	-0.2684	0.3676	
737756.188866355	0	0	-19	241	38	-637	66	406	0	0	0	642	4033	-520	340	-0.8644	-0.1008	-0.4804	0.1007	1	0	-3	2	-517	-15	817	0	0	0	1036	1918	1456	502	-0.8873	-0.0877	-0.2543	0.3718	
737756.188866899	0	0	-4	286	43	-569	82	-138	0	0	0	447	3748	-1614	337	-0.781	-0.1271	-0.6058	0.0697	1	0	0	0	-515	-24	844	0	0	0	976	2098	1516	501	-0.8898	-0.095	-0.258	0.3618	
737756.188867284	0	0	10	266	44	-520	112	-564	0	0	0	329	3451	-1988	340	-0.6976	-0.1501	-0.6974	0.0477	1	0	0	0	-515	-14	814	0	0	0	961	1993	1531	500	-0.8893	-0.0887	-0.2566	0.3651	
737756.188867793	0	0	62	152	51	-530	135	-820	0	0	0	224	3046	-2662	338	-0.5863	-0.1891	-0.7857	0.0318	1	-1	0	0	-512	-20	826	0	0	0	932	2113	1471	501	-0.8891	-0.0987	-0.2595	0.3609	
737756.188868337	0	0	38	93	23	-524	175	-877	0	0	0	374	2837	-2842	338	-0.4725	-0.2326	-0.8485	0.0274	1	1	-2	1	-515	-21	834	0	0	0	991	2143	1471	501	-0.8907	-0.0918	-0.2573	0.361	
737756.18886888	0	0	-5	22	-4	-573	148	-910	0	0	0	374	2717	-2902	338	-0.3966	-0.2464	-0.8828	0.0283	1	0	0	0	-506	-16	819	0	0	0	932	1933	1591	500	-0.8929	-0.0901	-0.2565	0.3563	
737756.188869417	0	0	-15	-18	-10	-619	112	-834	0	0	0	239	2612	-3067	337	-0.3749	-0.2429	-0.8931	0.0344	1	2	-1	0	-519	-20	825	0	0	0	976	2008	1546	498	-0.8903	-0.0874	-0.2578	0.3627	
737756.188869828	0	0	-1	-54	-18	-701	85	-815	0	0	0	359	2762	-2857	338	-0.3805	-0.2339	-0.8921	0.0537	1	-4	0	0	-520	-34	810	0	0	0	961	1963	1561	498	-0.8852	-0.0826	-0.2634	0.3719	
737756.188870372	0	0	-8	-101	-23	-646	89	-662	0	0	0	374	2927	-2692	338	-0.4117	-0.2237	-0.8796	0.0713	1	0	-2	1	-518	-24	816	0	0	0	961	2053	1561	497	-0.8872	-0.0959	-0.2632	0.3644	
737756.188870914	0	0	-5	-125	-22	-673	79	-596	0	0	0	389	3151	-2468	335	-0.4425	-0.2144	-0.8659	0.0828	1	0	0	-1	-525	-18	827	0	0	0	857	2038	1576	495	-0.8883	-0.094	-0.2633	0.362	
737756.188871461	0	0	6	-156	-20	-673	72	-468	0	0	0	493	3496	-2123	335	-0.4898	-0.2059	-0.8402	0.1003	1	-2	0	1	-522	-19	826	0	0	0	961	2083	1501	495	-0.89	-0.0955	-0.2633	0.3575	
737756.188872005	0	0	14	-173	-10	-634	79	-122	0	0	0	598	3601	-1658	335	-0.5933	-0.1991	-0.7682	0.1255	1	0	0	2	-519	-7	817	0	0	0	1021	2053	1471	493	-0.8904	-0.0969	-0.2578	0.3601	
737756.188872546	0	0	34	-170	3	-725	55	-68	0	0	0	553	3826	-1463	337	-0.6646	-0.1966	-0.7046	0.1465	1	-2	0	0	-506	-17	829	0	0	0	902	2053	1531	492	-0.8918	-0.0893	-0.2532	0.3615	
737756.188872964	0	0	60	-205	23	-682	85	113	0	0	0	613	3976	-894	335	-0.7294	-0.2023	-0.628	0.1748	1	0	2	-1	-512	-15	834	0	0	0	872	2143	1411	492	-0.8938	-0.1024	-0.2601	0.348	
737756.188873398	0	0	20	-203	34	-702	174	576	0	0	0	537	4016	-22	335	-0.8259	-0.2035	-0.4877	0.1874	1	0	3	0	-536	-33	825	0	0	0	932	2053	1441	490	-0.889	-0.0892	-0.2716	0.3553	
737756.18887394	0	0	-7	-154	13	-779	173	640	0	0	0	477	4046	576	337	-0.8916	-0.1823	-0.3699	0.1822	1	0	0	0	-525	-25	820	0	0	0	917	2008	1486	490	-0.8885	-0.095	-0.2668	0.3585	
737756.188874668	0	0	21	-187	47	-663	292	905	0	0	0	252	4061	1221	338	-0.9314	-0.1876	-0.263	0.1606	1	0	1	0	-518	-17	803	0	0	0	782	1963	1471	488	-0.8913	-0.0962	-0.2677	0.3506	
737756.188875206	0	0	-38	-129	13	-604	202	825	0	0	0	209	3777	1643	338	-0.9339	-0.1558	-0.2676	0.173	1	-1	-1	0	-525	-16	816	0	0	0	887	2158	1546	488	-0.8912	-0.0956	-0.2669	0.3518	
737756.188875748	0	0	31	-173	25	-615	214	879	0	0	0	194	3612	2048	339	-0.939	-0.1551	-0.2473	0.1761	1	0	0	0	-522	-4	811	0	0	0	827	2008	1486	486	-0.8901	-0.1061	-0.2643	0.3531	
737756.188876291	0	0	119	-191	29	-429	341	1101	0	0	0	-14	3252	2678	339	-0.9562	-0.1723	-0.1227	0.1934	1	-2	0	-1	-532	-10	808	0	0	0	857	2188	1396	485	-0.8889	-0.1098	-0.273	0.3484	
737756.188876833	0	0	17	-136	2	-423	466	1301	0	0	0	-438	2827	3076	341	-0.9548	-0.187	-0.0906	0.204	1	-2	0	1	-526	-2	794	0	0	0	947	2098	1426	486	-0.8898	-0.1034	-0.2688	0.3516	
737756.188877375	0	0	-15	-129	-8	-303	429	1323	0	0	0	-393	2602	3331	342	-0.9601	-0.1619	-0.0624	0.2113	1	-3	-1	-1	-531	-17	825	0	0	0	932	2173	1531	484	-0.8923	-0.0912	-0.2656	0.3509	
737756.188877918	0	0	0	-59	12	-204	361	1248	0	0	0	-438	2108	3495	341	-0.9632	-0.1666	-0.0458	0.1983	1	0	0	0	-524	-24	822	0	0	0	902	2053	1321	482	-0.894	-0.094	-0.2669	0.3449	
737756.188878463	0	0	-23	-6	-8	-206	345	1156	0	0	0	-573	2153	3720	341	-0.9668	-0.1389	-0.0525	0.1994	1	0	1	-2	-525	-10	811	0	0	0	917	2098	1486	476	-0.8976	-0.0864	-0.2639	0.3397	
737756.188878891	0	0	-24	0	-6	-180	299	1087	0	0	0	-468	2138	3675	342	-0.9663	-0.1548	-0.055	0.1902	1	1	11	-8	-531	38	874	0	0	0	842	2173	1471	453	-0.8992	-0.1171	-0.2485	0.3372	
737756.188879354	0	0	-7	14	5	-221	285	1003	0	0	0	-408	2318	3585	340	-0.9641	-0.1548	-0.0805	0.1923	1	45	16	-12	-565	-16	887	0	0	0	991	2083	1441	415	-0.8872	-0.1025	-0.2596	0.3647	
737756.188879894	0	0	-12	16	0	-228	289	916	0	0	0	-363	2153	3600	340	-0.9553	-0.1738	-0.0842	0.2175	1	40	8	16	-581	84	729	0	0	0	767	2218	1666	383	-0.8729	-0.1451	-0.2899	0.3612	
737756.188880289	0	0	-8	9	1	-246	282	893	0	0	0	-243	2303	3570	340	-0.9495	-0.1779	-0.0936	0.2356	1	-18	-3	-3	-616	148	693	0	0	0	782	2173	1501	372	-0.8693	-0.1625	-0.297	0.3567	
737756.188880697	0	0	-1	4	0	-244	301	914	0	0	0	-273	2273	3570	341	-0.9506	-0.1615	-0.0714	0.2487	1	-38	-36	-8	-540	-93	743	0	0	0	677	2218	1426	375	-0.8727	-0.1234	-0.2816	0.375	
737756.188881245	0	0	-1	-1	2	-249	309	950	0	0	0	-228	2258	3525	341	-0.9481	-0.1587	-0.0722	0.2591	1	0	-6	-18	-419	-49	920	0	0	0	991	2023	1501	377	-0.8935	-0.066	-0.2244	0.3786	
737756.18888167	0	0	-7	-2	0	-263	317	974	0	0	0	-363	2243	3570	341	-0.9476	-0.1595	-0.0796	0.2588	1	12	1	-6	-606	20	818	0	0	0	991	2083	1531	373	-0.8838	-0.0942	-0.2775	0.3613	
737756.188882209	0	0	-9	-5	-4	-246	290	991	0	0	0	-318	2168	3645	341	-0.9464	-0.1709	-0.0792	0.2567	1	-8	-3	0	-528	-14	803	0	0	0	976	2188	1516	375	-0.8822	-0.1004	-0.2724	0.3664	
737756.188882752	0	0	0	2	-1	-251	259	979	0	0	0	-273	2303	3540	341	-0.9508	-0.1398	-0.0862	0.2558	1	9	0	1	-536	-22	820	0	0	0	887	2098	1516	374	-0.8887	-0.097	-0.2699	0.3552	
737756.188883294	0	0	-5	0	2	-241	268	950	0	0	0	-363	2303	3540	340	-0.9537	-0.1606	-0.0864	0.2329	1	5	2	1	-522	-8	854	0	0	0	976	2068	1696	376	-0.8906	-0.0894	-0.2477	0.3673	
737756.188883842	0	0	-3	-1	-1	-249	277	968	0	0	0	-228	2318	3585	342	-0.9511	-0.1661	-0.0864	0.2399	1	2	-17	-11	-777	174	642	0	0	0	947	2158	1516	383	-0.8972	-0.0962	-0.2448	0.3509	
737756.188884562	0	0	-10	4	-2	-241	305	1097	0	0	0	-228	2168	3645	341	-0.9518	-0.1663	-0.0728	0.2414	1	4	-20	-20	-523	-35	868	0	0	0	1006	1978	1396	442	-0.8967	-0.0794	-0.253	0.3517	
737756.18888498	0	0	-28	22	-10	-245	296	1176	0	0	0	-258	2198	3465	342	-0.9559	-0.157	-0.0712	0.231	1	-1	-9	3	-551	5	816	0	0	0	932	1963	1591	457	-0.8888	-0.0993	-0.2705	0.3532	
737756.188885534	0	0	-1	65	-8	-293	293	1313	0	0	0	-303	2482	3420	341	-0.9623	-0.1316	-0.0876	0.2131	1	-4	-4	1	-587	126	796	0	0	0	1066	2068	1666	484	-0.8868	-0.1409	-0.2601	0.3517	
737756.188886078	0	0	-55	73	-18	-317	345	1542	0	0	0	-198	2647	3316	341	-0.9708	-0.1255	-0.0715	0.1821	1	-11	-4	7	-561	-184	814	0	0	0	1036	1918	1576	502	-0.8669	-0.0448	-0.3007	0.3922	
737756.188886613	0	0	-29	150	-24	-381	191	1458	0	0	0	131	2827	2956	342	-0.9714	-0.0824	-0.1265	0.1736	1	-3	0	7	-455	-90	846	0	0	0	1051	2023	1651	515	-0.8854	-0.0762	-0.252	0.3785	
737756.188887342	0	0	-55	201	-7	-517	282	1448	0	0	0	461	3427	2476	341	-0.9646	-0.11	-0.1616	0.1672	1	-1	-5	6	-530	-47	824	0	0	0	947	2098	1396	519	-0.8858	-0.0923	-0.2673	0.3648	
737756.188887884	0	0	-71	255	-5	-421	144	911	0	0	0	595	3832	1772	339	-0.9585	-0.0952	-0.2128	0.1567	1	-3	1	3	-528	-14	837	0	0	0	932	2023	1591	516	-0.8885	-0.1002	-0.2527	0.3667	
737756.188888428	0	0	-17	283	13	-368	81	515	0	0	0	581	3994	637	339	-0.9337	-0.1101	-0.3149	0.124	1	0	0	2	-519	7	819	0	0	0	887	2038	1546	515	-0.8892	-0.1106	-0.2516	0.3628	
737756.188888964	0	0	-43	260	18	-427	96	291	0	0	0	536	4069	-67	340	-0.8859	-0.1343	-0.43	0.102	1	-5	0	0	-493	6	809	0	0	0	1066	2098	1606	511	-0.8878	-0.1042	-0.2481	0.3711	
737756.188889691	0	0	-22	222	31	-605	114	-147	0	0	0	522	3872	-1178	341	-0.7503	-0.1601	-0.637	0.0601	1	-6	0	-2	-499	-20	838	0	0	0	1021	1933	1531	511	-0.887	-0.0897	-0.2486	0.3764	
737756.188890229	0	0	-14	187	34	-737	176	-253	0	0	0	387	3857	-1733	338	-0.6683	-0.1815	-0.7192	0.0371	1	0	0	-1	-519	-45	842	0	0	0	887	2068	1606	508	-0.8862	-0.0912	-0.2642	0.367	
737756.188890739	0	0	-22	172	8	-706	190	-359	0	0	0	278	3267	-2393	339	-0.5777	-0.1982	-0.7906	0.0157	1	-2	2	0	-518	-48	835	0	0	0	812	2023	1441	507	-0.8899	-0.0911	-0.2685	0.3546	
737756.188891282	0	0	-35	140	7	-590	161	-656	0	0	0	158	3057	-2963	339	-0.4817	-0.2004	-0.8521	-0.0009	1	0	0	2	-521	-37	820	0	0	0	1021	1993	1501	506	-0.8896	-0.0833	-0.2657	0.3598	
737756.188891831	0	0	-10	98	13	-524	215	-857	0	0	0	128	2847	-3202	340	-0.408	-0.2081	-0.8878	-0.0129	1	-2	0	0	-511	-29	811	0	0	0	976	1978	1576	505	-0.8871	-0.0895	-0.2623	0.3666	
737756.188892305	0	0	-6	46	5	-477	217	-1029	0	0	0	113	2472	-3217	340	-0.3474	-0.2158	-0.9114	-0.0162	1	-3	0	3	-515	-31	820	0	0	0	1081	1963	1531	502	-0.8851	-0.0846	-0.2584	0.3754	
737756.188892849	0	0	4	-45	-5	-576	174	-1070	0	0	0	188	2487	-3232	339	-0.3201	-0.22	-0.9205	-0.0041	1	-3	-1	1	-516	-16	827	0	0	0	1066	2038	1486	503	-0.886	-0.0962	-0.2567	0.3718	
737756.188893394	0	0	17	-132	-17	-644	129	-740	0	0	0	113	2772	-3068	339	-0.3658	-0.215	-0.9042	0.0279	1	-1	1	-2	-512	-18	844	0	0	0	1051	2083	1591	499	-0.8857	-0.0888	-0.2486	0.379	
737756.188893938	0	0	4	-138	-17	-631	100	-556	0	0	0	248	2907	-2813	338	-0.4212	-0.2074	-0.8804	0.0519	1	-1	1	-1	-520	-39	817	0	0	0	1006	2038	1426	497	-0.884	-0.0917	-0.268	0.3696	
737756.188894474	0	0	6	-154	-12	-706	116	-462	0	0	0	218	3207	-2543	338	-0.4848	-0.2013	-0.8475	0.0673	1	-1	2	-2	-524	-48	795	0	0	0	887	1978	1516	494	-0.8826	-0.0877	-0.2773	0.367	
737756.188895016	0	0	39	-202	-10	-736	145	-144	0	0	0	323	3642	-1808	335	-0.5943	-0.2024	-0.7715	0.0904	1	-1	0	1	-542	-58	818	0	0	0	1036	2008	1486	496	-0.8812	-0.0799	-0.2756	0.3733	
737756.188895564	0	0	12	-178	-16	-739	170	99	0	0	0	427	3866	-1374	338	-0.713	-0.204	-0.6601	0.1063	1	0	1	0	-535	-31	818	0	0	0	1111	2143	1531	495	-0.8875	-0.0833	-0.2676	0.3633	
737756.188895978	0	0	-4	-169	-29	-788	139	199	0	0	0	427	4076	-804	337	-0.7801	-0.1922	-0.5799	0.1288	1	-2	1	0	-527	-30	813	0	0	0	947	2008	1276	493	-0.8879	-0.0953	-0.2713	0.3565	
737756.188896542	0	0	-2	-187	-24	-730	62	293	0	0	0	599	3830	-307	338	-0.817	-0.159	-0.5268	0.1675	1	0	0	1	-515	-29	825	0	0	0	991	2083	1381	493	-0.8906	-0.0878	-0.2617	0.3591	
737756.188897086	0	0	34	-160	-3	-666	73	593	0	0	0	599	4010	322	338	-0.8947	-0.1368	-0.3808	0.1844	1	0	0	0	-525	-24	818	0	0	0	1081	2053	1531	493	-0.8878	-0.09	-0.264	0.3636	
737756.188897621	0	0	-4	-160	14	-595	23	510	0	0	0	554	4085	786	339	-0.8986	-0.113	-0.3779	0.1872	1	0	1	0	-529	-33	823	0	0	0	947	2098	1546	493	-0.8869	-0.0862	-0.267	0.3643	
737756.188898348	0	0	35	-174	2	-465	80	746	0	0	0	451	3740	1436	339	-0.9469	-0.1022	-0.2464	0.1719	1	0	0	0	-520	-19	802	0	0	0	1021	2053	1441	493	-0.8867	-0.094	-0.2651	0.3646	
737756.188898892	0	0	-17	-199	32	-350	108	844	0	0	0	481	3560	2005	339	-0.9669	-0.0806	-0.1798	0.1509	1	0	0	0	-536	-33	824	0	0	0	932	2023	1501	493	-0.8842	-0.0907	-0.2683	0.3692	
737756.188899435	0	0	57	-247	-17	-437	357	1621	0	0	0	497	3163	2543	344	-0.971	-0.1168	-0.0834	0.1822	1	1	-1	1	-521	-29	815	0	0	0	961	2023	1501	490	-0.8858	-0.0906	-0.2642	0.3684	
737756.188899979	0	0	-63	-140	-40	-373	242	1852	0	0	0	318	2533	3262	345	-0.9726	-0.0845	-0.0784	0.1941	1	-1	0	1	-523	-44	809	0	0	0	932	2113	1471	492	-0.8874	-0.0885	-0.2733	0.3583	
737756.188900514	0	0	-35	-67	-38	-221	31	1695	0	0	0	228	2263	3442	344	-0.9805	-0.0381	-0.0619	0.1729	1	3	-2	4	-533	-40	810	0	0	0	947	2068	1456	488	-0.8921	-0.0806	-0.2744	0.3472	
737756.18890124	0	0	-5	28	15	-188	10	1137	0	0	0	437	2174	3472	344	-0.9853	-0.0066	-0.0662	0.1474	1	-2	0	-1	-534	-20	822	0	0	0	902	2083	1471	481	-0.89	-0.0945	-0.2694	0.3532	
737756.188901785	0	0	2	33	11	-203	56	801	0	0	0	587	2353	3382	343	-0.9772	-0.0317	-0.1151	0.1663	1	2	0	2	-534	-33	817	0	0	0	991	2083	1471	470	-0.8883	-0.0837	-0.2678	0.3606	
737756.188902316	0	0	9	-4	8	-240	83	788	0	0	0	482	2189	3397	342	-0.9688	-0.0726	-0.1331	0.189	1	0	2	0	-524	11	801	0	0	0	872	2143	1561	443	-0.8886	-0.1153	-0.2644	0.3541	
737756.188902852	0	0	-13	-27	-6	-255	108	983	0	0	0	452	2308	3367	341	-0.9656	-0.0609	-0.1026	0.2235	1	0	6	19	-545	-6	743	0	0	0	976	2098	1486	394	-0.8788	-0.1098	-0.2863	0.3633	
737756.188903579	0	0	1	-13	3	-241	56	1094	0	0	0	422	2248	3427	342	-0.9679	-0.045	-0.0976	0.2194	1	9	-40	11	-540	-67	797	0	0	0	1066	2128	1516	374	-0.8885	-0.0805	-0.269	0.3599	
737756.18890409	0	0	1	1	1	-257	85	1119	0	0	0	332	2218	3367	342	-0.9683	-0.0471	-0.1083	0.2127	1	-37	-31	-12	-420	-111	873	0	0	0	872	2053	1531	374	-0.898	-0.0892	-0.2303	0.3594	
737756.188904517	0	0	-9	7	2	-235	59	1037	0	0	0	452	2129	3427	341	-0.9676	-0.0409	-0.101	0.2197	1	-11	-16	-4	-429	-120	951	0	0	0	857	1948	1606	377	-0.8993	-0.052	-0.2267	0.3655	
737756.188905062	0	0	0	6	4	-235	73	965	0	0	0	452	2248	3397	341	-0.9664	-0.0656	-0.1085	0.2166	1	12	-1	-4	-494	-56	878	0	0	0	947	2008	1666	376	-0.8974	-0.0682	-0.2453	0.3574	
737756.18890561	0	0	0	0	3	-224	84	953	0	0	0	527	2293	3262	341	-0.966	-0.0699	-0.1027	0.22	1	-4	8	-1	-484	-71	851	0	0	0	842	2113	1591	376	-0.8948	-0.068	-0.2578	0.3553	
737756.188906148	0	0	-2	-3	0	-236	87	1000	0	0	0	437	2353	3442	341	-0.9639	-0.0534	-0.1088	0.2304	1	21	-4	0	-470	26	811	0	0	0	932	2053	1621	376	-0.9016	-0.1063	-0.2361	0.3438	
737756.188906692	0	0	-1	-5	1	-239	77	1017	0	0	0	437	2174	3472	340	-0.9631	-0.0686	-0.1043	0.2315	1	-4	1	-3	-462	5	815	0	0	0	991	2023	1741	376	-0.8941	-0.0901	-0.2306	0.3696	
737756.188907236	0	0	2	-2	0	-248	85	1023	0	0	0	527	2293	3472	341	-0.9622	-0.0538	-0.1126	0.2363	1	14	16	-3	-437	-87	959	0	0	0	961	1993	1591	377	-0.9059	-0.049	-0.2102	0.361	
737756.188907645	0	0	-3	-2	-1	-237	63	990	0	0	0	512	2189	3367	341	-0.9617	-0.0495	-0.104	0.2414	1	12	-13	-11	-910	177	647	0	0	0	947	2128	1696	403	-0.9078	-0.0741	-0.2376	0.3334	
737756.188908163	0	0	3	0	0	-229	82	1025	0	0	0	437	2233	3322	341	-0.9633	-0.0518	-0.0907	0.24	1	-43	14	-13	-433	71	780	0	0	0	872	2083	1621	434	-0.9141	-0.0968	-0.217	0.3244	
737756.188908707	0	0	3	13	-7	-221	76	1209	0	0	0	467	2383	3442	341	-0.9681	-0.0739	-0.0842	0.2167	1	-12	-5	-8	-478	-84	878	0	0	0	872	1963	1621	462	-0.9053	-0.0509	-0.2445	0.3396	
737756.188909247	0	0	-10	51	-5	-248	85	1417	0	0	0	467	2293	3352	340	-0.973	-0.0453	-0.0839	0.2017	1	11	-26	5	-512	111	842	0	0	0	857	2008	1576	481	-0.9052	-0.0987	-0.2498	0.3244	
737756.18890979	0	0	-27	80	-3	-291	65	1494	0	0	0	542	2398	3247	341	-0.9749	-0.0306	-0.0964	0.1893	1	-4	-5	1	-538	-155	840	0	0	0	917	1948	1606	503	-0.8897	-0.0606	-0.2734	0.3565	
737756.188910512	0	0	-30	133	9	-359	40	1382	0	0	0	707	2893	2723	341	-0.975	-0.0448	-0.13	0.1656	1	-2	-1	4	-427	-83	880	0	0	0	1096	1918	1546	511	-0.8982	-0.0661	-0.2304	0.3636	
737756.188911056	0	0	-43	157	13	-463	5	1374	0	0	0	647	3103	2363	341	-0.9709	-0.0402	-0.1753	0.1498	1	-4	1	0	-441	29	856	0	0	0	1051	1963	1621	512	-0.9008	-0.0857	-0.225	0.3569	
737756.1889116	0	0	-29	208	31	-457	7	1159	0	0	0	767	3403	1973	341	-0.9678	-0.0208	-0.1983	0.1443	1	-5	1	7	-492	-51	843	0	0	0	1021	1963	1561	510	-0.8958	-0.0757	-0.243	0.3609	
737756.188912142	0	0	-24	254	42	-407	29	797	0	0	0	632	3837	1269	340	-0.9584	-0.0546	-0.251	0.1145	1	0	0	0	-480	1	831	0	0	0	991	2053	1501	509	-0.8976	-0.0944	-0.2409	0.3542	
737756.188912862	0	0	-33	259	46	-434	84	260	0	0	0	603	4140	4	340	-0.8968	-0.1002	-0.4213	0.0781	1	-4	0	0	-475	-34	844	0	0	0	1006	1978	1486	505	-0.8951	-0.0831	-0.2438	0.3612	
737756.188913406	0	0	-24	234	53	-574	126	20	0	0	0	380	3955	-1063	341	-0.8035	-0.1286	-0.5779	0.0444	1	-4	0	0	-481	-47	840	0	0	0	1051	1963	1591	505	-0.8951	-0.0643	-0.2439	0.3651	
737756.188913882	0	0	-66	199	37	-737	240	-100	0	0	0	320	3985	-1663	340	-0.7264	-0.151	-0.669	0.0075	1	-2	0	-2	-483	-55	850	0	0	0	917	2038	1516	505	-0.8952	-0.0782	-0.2516	0.3564	
737756.188914425	0	0	-107	172	-1	-761	234	-166	0	0	0	155	3611	-2307	339	-0.6516	-0.1456	-0.7425	-0.034	1	-1	0	0	-488	-67	850	0	0	0	1006	2008	1516	504	-0.894	-0.07	-0.2543	0.3595	
737756.188914967	0	0	-73	178	15	-680	210	-413	0	0	0	5	3281	-2637	340	-0.5827	-0.1302	-0.7992	-0.0536	1	-1	1	0	-484	-49	846	0	0	0	961	1933	1501	504	-0.8952	-0.0741	-0.2477	0.3608	
737756.188915524	0	0	-29	129	32	-607	266	-692	0	0	0	-304	2885	-2990	340	-0.4823	-0.1348	-0.8613	-0.0744	1	-1	0	0	-503	-59	834	0	0	0	1036	1918	1576	500	-0.8901	-0.0645	-0.2568	0.3683	
737756.188916059	0	0	-4	64	22	-533	324	-933	0	0	0	-289	2601	-3245	340	-0.3957	-0.1494	-0.9014	-0.0823	1	0	0	1	-487	-41	832	0	0	0	1051	2053	1501	499	-0.8947	-0.0751	-0.2497	0.3604	
737756.188916602	0	0	31	-3	14	-571	310	-943	0	0	0	-259	2541	-3335	340	-0.3576	-0.1619	-0.916	-0.0719	1	-2	0	0	-492	-32	832	0	0	0	1021	1993	1501	499	-0.8943	-0.0774	-0.2486	0.3616	
737756.188917144	0	0	25	-59	-8	-677	251	-723	0	0	0	-184	2705	-3230	340	-0.3738	-0.1683	-0.91	-0.0463	1	-1	-1	2	-485	-35	851	0	0	0	976	1888	1636	499	-0.8943	-0.0705	-0.2387	0.3693	
737756.188917688	0	0	24	-98	-23	-763	174	-588	0	0	0	-124	2765	-3170	339	-0.4357	-0.1586	-0.885	-0.0105	1	2	0	-1	-488	-36	844	0	0	0	857	1918	1606	498	-0.8925	-0.0854	-0.2504	0.3628	
737756.188918232	0	0	50	-116	-21	-754	186	-493	0	0	0	-4	2885	-2870	339	-0.4784	-0.1603	-0.8624	0.0109	1	-2	2	-2	-493	-66	828	0	0	0	961	2023	1561	498	-0.8894	-0.075	-0.2619	0.3645	
737756.188918776	0	0	47	-133	-22	-771	167	-370	0	0	0	-34	3275	-2541	338	-0.5334	-0.17	-0.8268	0.0353	1	3	-1	2	-508	-66	823	0	0	0	991	2023	1561	497	-0.8927	-0.0698	-0.2673	0.3536	
737756.188919191	0	0	36	-150	-30	-751	149	-288	0	0	0	190	3470	-2256	339	-0.5775	-0.1741	-0.7947	0.0551	1	-3	1	0	-501	-44	829	0	0	0	1021	2083	1441	496	-0.8969	-0.0702	-0.2578	0.3497	
737756.188919656	0	0	44	-166	-34	-713	111	-185	0	0	0	325	3725	-1851	337	-0.6216	-0.1755	-0.7579	0.0817	1	-4	1	2	-505	-39	851	0	0	0	961	2053	1591	496	-0.8975	-0.0793	-0.2557	0.3476	
737756.188920084	0	0	45	-188	-28	-687	71	-52	0	0	0	490	3830	-1416	335	-0.6586	-0.1698	-0.7241	0.1053	1	5	0	3	-485	-23	864	0	0	0	917	2098	1546	496	-0.9008	-0.0839	-0.2435	0.3461	
737756.188920627	0	0	45	-188	-28	-687	71	-52	0	0	0	490	3830	-1416	335	-0.6586	-0.1698	-0.7241	0.1053	1	6	1	2	-489	-18	856	0	0	0	1006	2038	1456	495	-0.9008	-0.0809	-0.242	0.349	
737756.188921171	0	0	45	-188	-28	-687	71	-52	0	0	0	490	3830	-1416	335	-0.6586	-0.1698	-0.7241	0.1053	1	6	1	2	-489	-18	856	0	0	0	1006	2038	1456	495	-0.9008	-0.0809	-0.242	0.349	
737756.188921706	0	0	45	-188	-28	-687	71	-52	0	0	0	490	3830	-1416	335	-0.6586	-0.1698	-0.7241	0.1053	1	6	1	2	-489	-18	856	0	0	0	1006	2038	1456	495	-0.9008	-0.0809	-0.242	0.349	
737756.188922433	0	0	45	-188	-28	-687	71	-52	0	0	0	490	3830	-1416	335	-0.6586	-0.1698	-0.7241	0.1053	1	-4	0	0	-516	-62	820	0	0	0	976	1948	1426	496	-0.8933	-0.0653	-0.269	0.3516	
737756.188922979	0	0	45	-188	-28	-687	71	-52	0	0	0	490	3830	-1416	335	-0.6586	-0.1698	-0.7241	0.1053	1	-4	0	0	-516	-62	820	0	0	0	976	1948	1426	496	-0.8933	-0.0653	-0.269	0.3516	
737756.188923522	0	0	28	-195	16	-403	308	1087	0	0	0	401	3290	2493	342	-0.9592	-0.123	-0.1491	0.1978	1	-5	0	1	-499	-12	814	0	0	0	1051	1873	1561	496	-0.8956	-0.0786	-0.2484	0.357	
737756.188924065	0	0	-33	-243	-34	-167	127	1419	0	0	0	433	2874	2964	342	-0.9661	-0.0875	-0.0792	0.222	1	0	-2	1	-516	-22	823	0	0	0	932	2083	1441	496	-0.8938	-0.0901	-0.2634	0.3491	
737756.18892461	0	0	34	-257	-19	-106	151	2004	0	0	0	508	2199	3458	343	-0.9709	-0.0436	0.0028	0.2281	1	-2	0	2	-514	-22	836	0	0	0	1006	2008	1546	495	-0.8946	-0.0861	-0.257	0.3525	
737756.188925026	0	0	-7	-6	-32	-163	29	1889	0	0	0	254	1854	3833	342	-0.9717	-0.0282	-0.0416	0.2231	1	0	0	0	-499	-29	846	0	0	0	917	2038	1546	495	-0.8973	-0.0803	-0.2472	0.3541	
737756.188925444	0	0	-32	29	-5	-96	-1	1320	0	0	0	468	1800	3709	342	-0.9784	0.002	-0.0381	0.1942	1	2	-1	-1	-508	-46	810	0	0	0	976	2038	1456	493	-0.8907	-0.0791	-0.2667	0.3572	
737756.188925995	0	0	-4	45	3	-115	25	1038	0	0	0	528	1890	3379	341	-0.9827	-0.0287	-0.0604	0.1628	1	0	-2	-1	-502	-59	811	0	0	0	1051	1873	1411	493	-0.8911	-0.0647	-0.2626	0.3621	
737756.188926531	0	0	3	23	6	-159	74	833	0	0	0	348	2100	3499	341	-0.9746	-0.0461	-0.0951	0.1913	1	0	5	-5	-503	23	853	0	0	0	991	2053	1531	469	-0.8997	-0.1029	-0.239	0.3474	
737756.188926923	0	0	-2	3	8	-201	91	848	0	0	0	543	2205	3394	341	-0.9694	-0.0523	-0.0947	0.2128	1	3	15	-23	-503	4	847	0	0	0	1021	2083	1411	427	-0.8908	-0.1061	-0.2422	0.3667	
737756.188927481	0	0	-3	0	8	-204	96	872	0	0	0	572	2235	3274	341	-0.9676	-0.0761	-0.0998	0.2121	1	14	15	-16	-533	-46	856	0	0	0	932	1903	1471	409	-0.8856	-0.0912	-0.2549	0.3741	
737756.188928023	0	0	-3	0	8	-204	96	872	0	0	0	572	2235	3274	341	-0.9676	-0.0761	-0.0998	0.2121	1	14	15	-16	-533	-46	856	0	0	0	932	1903	1471	409	-0.8856	-0.0912	-0.2549	0.3741	
737756.188928567	0	0	-3	0	8	-204	96	872	0	0	0	572	2235	3274	341	-0.9676	-0.0761	-0.0998	0.2121	1	14	15	-16	-533	-46	856	0	0	0	932	1903	1471	409	-0.8856	-0.0912	-0.2549	0.3741	
737756.188929102	0	0	-3	0	8	-204	96	872	0	0	0	572	2235	3274	341	-0.9676	-0.0761	-0.0998	0.2121	1	14	15	-16	-533	-46	856	0	0	0	932	1903	1471	409	-0.8856	-0.0912	-0.2549	0.3741	
737756.188929829	0	0	-3	0	8	-204	96	872	0	0	0	572	2235	3274	341	-0.9676	-0.0761	-0.0998	0.2121	1	14	15	-16	-533	-46	856	0	0	0	932	1903	1471	409	-0.8856	-0.0912	-0.2549	0.3741	
737756.188930373	0	0	-3	0	8	-204	96	872	0	0	0	572	2235	3274	341	-0.9676	-0.0761	-0.0998	0.2121	1	14	15	-16	-533	-46	856	0	0	0	932	1903	1471	409	-0.8856	-0.0912	-0.2549	0.3741	
737756.188930789	0	0	-2	0	1	-207	64	972	0	0	0	498	2160	3379	340	-0.9659	-0.0648	-0.1037	0.2218	1	14	15	-16	-533	-46	856	0	0	0	932	1903	1471	409	-0.8856	-0.0912	-0.2549	0.3741	
737756.188931209	0	0	-2	0	1	-207	64	972	0	0	0	498	2160	3379	340	-0.9659	-0.0648	-0.1037	0.2218	1	14	15	-16	-533	-46	856	0	0	0	932	1903	1471	409	-0.8856	-0.0912	-0.2549	0.3741	
737756.188931935	0	0	-2	0	1	-207	64	972	0	0	0	498	2160	3379	340	-0.9659	-0.0648	-0.1037	0.2218	1	14	15	-16	-533	-46	856	0	0	0	932	1903	1471	409	-0.8856	-0.0912	-0.2549	0.3741	
737756.18893248	0	0	0	3	-3	-209	84	1091	0	0	0	528	2010	3439	341	-0.9663	-0.0463	-0.0791	0.233	1	-6	2	-1	-404	-137	843	0	0	0	1036	1888	1516	495	-0.8969	-0.0292	-0.2358	0.369	
737756.188933023	0	0	6	7	-5	-189	79	1167	0	0	0	348	2160	3499	340	-0.9676	-0.0501	-0.0696	0.2301	1	-3	-5	6	-568	46	785	0	0	0	991	2053	1471	511	-0.8984	-0.0441	-0.2664	0.3419	
737756.188933566	0	0	7	11	-4	-191	84	1238	0	0	0	453	2145	3424	341	-0.9693	-0.0725	-0.0638	0.2188	1	0	-6	7	-526	51	799	0	0	0	842	2113	1471	517	-0.9048	-0.0514	-0.2508	0.3357	
737756.188934101	0	0	7	11	-4	-191	84	1238	0	0	0	453	2145	3424	341	-0.9693	-0.0725	-0.0638	0.2188	1	0	-6	7	-526	51	799	0	0	0	842	2113	1471	517	-0.9048	-0.0514	-0.2508	0.3357	
737756.188934829	0	0	7	11	-4	-191	84	1238	0	0	0	453	2145	3424	341	-0.9693	-0.0725	-0.0638	0.2188	1	0	-6	7	-526	51	799	0	0	0	842	2113	1471	517	-0.9048	-0.0514	-0.2508	0.3357	
737756.188935373	0	0	-42	162	9	-393	27	1197	0	0	0	857	3029	2300	340	-0.9659	-0.0451	-0.1671	0.1845	1	-1	0	0	-487	-38	818	0	0	0	827	1978	1516	525	-0.9022	-0.0784	-0.2581	0.334	
737756.188935917	0	0	-35	181	22	-436	-25	1005	0	0	0	807	3413	1825	341	-0.9587	-0.0223	-0.219	0.1737	1	-4	0	0	-501	-16	830	0	0	0	961	1993	1531	524	-0.8997	-0.0851	-0.2534	0.3424	
737756.188936635	0	0	-48	206	43	-485	50	720	0	0	0	777	3893	925	341	-0.9417	-0.0681	-0.2994	0.131	1	-2	0	-4	-508	-62	823	0	0	0	1021	1963	1531	519	-0.8915	-0.0678	-0.2646	0.3589	
737756.188937029	0	0	-54	219	45	-542	26	535	0	0	0	794	4014	365	340	-0.9136	-0.0637	-0.3815	0.1184	1	-1	0	0	-506	-66	837	0	0	0	1021	2143	1471	518	-0.8933	-0.0721	-0.2635	0.3544	
737756.188937577	0	0	-13	207	54	-630	50	219	0	0	0	705	4104	-143	340	-0.8406	-0.0827	-0.5261	0.0886	1	-1	0	0	-503	-59	833	0	0	0	991	2053	1471	513	-0.8934	-0.0758	-0.2631	0.3535	
737756.188938126	0	0	-6	191	53	-707	91	126	0	0	0	465	4074	-863	340	-0.7811	-0.1099	-0.6097	0.066	1	-1	0	0	-498	-52	841	0	0	0	1036	1978	1636	512	-0.8915	-0.0739	-0.2543	0.3652	
737756.18893852	0	0	-33	184	46	-744	142	72	0	0	0	380	4102	-1314	339	-0.7358	-0.1313	-0.6617	0.0428	1	0	1	1	-508	-59	840	0	0	0	1141	2053	1441	509	-0.8893	-0.0717	-0.2599	0.3671	
737756.188939076	0	0	-33	187	48	-788	139	-43	0	0	0	230	3892	-1823	339	-0.6801	-0.1392	-0.7182	0.0223	1	-2	0	0	-498	-50	823	0	0	0	917	2008	1426	510	-0.8913	-0.0848	-0.262	0.3576	
737756.188939597	0	0	-47	198	46	-733	172	-232	0	0	0	230	3592	-2303	340	-0.6208	-0.1489	-0.7686	-0.0048	1	-1	1	1	-520	-75	825	0	0	0	1066	1978	1366	506	-0.8874	-0.068	-0.2723	0.3633	
737756.18894014	0	0	-36	155	55	-627	264	-630	0	0	0	-64	3177	-2888	340	-0.5164	-0.164	-0.8384	-0.0417	1	-3	0	3	-502	-45	807	0	0	0	976	1978	1516	503	-0.8903	-0.0784	-0.2617	0.3618	
737756.188940676	0	0	-9	100	44	-504	432	-889	0	0	0	-334	2818	-3188	340	-0.4167	-0.1966	-0.8831	-0.0778	1	1	-2	0	-516	-51	835	0	0	0	991	1993	1441	504	-0.8893	-0.0792	-0.2641	0.3626	
737756.188941399	0	0	2	-20	2	-504	501	-1024	0	0	0	-229	2743	-3323	340	-0.3517	-0.2263	-0.9022	-0.0971	1	-1	0	1	-501	-18	832	0	0	0	932	2023	1411	504	-0.894	-0.0915	-0.2529	0.3552	
737756.188941946	0	0	37	-86	-30	-624	388	-827	0	0	0	-349	2803	-3263	340	-0.3699	-0.2293	-0.8965	-0.0718	1	0	0	-2	-516	-33	816	0	0	0	1051	1933	1501	504	-0.8894	-0.0791	-0.2605	0.3646	
737756.188942372	0	0	36	-121	-45	-686	283	-597	0	0	0	-124	2938	-3008	340	-0.4313	-0.2209	-0.8732	-0.0315	1	-2	0	0	-510	-55	829	0	0	0	1006	2038	1516	504	-0.8889	-0.0711	-0.2612	0.3666	
737756.188942815	0	0	35	-120	-51	-645	233	-510	0	0	0	-19	3222	-2903	338	-0.4711	-0.2149	-0.8546	-0.0003	1	0	0	-3	-514	-51	816	0	0	0	1021	2053	1441	505	-0.8899	-0.0745	-0.2656	0.3608	
737756.188943358	0	0	25	-155	-40	-693	171	-423	0	0	0	219	3402	-2484	339	-0.5222	-0.2058	-0.8257	0.0387	1	-2	1	0	-535	-91	814	0	0	0	1066	1948	1456	506	-0.8837	-0.0589	-0.281	0.3674	
737756.188943894	0	0	42	-180	-36	-648	153	-295	0	0	0	249	3672	-2004	339	-0.5653	-0.2058	-0.7951	0.0649	1	-1	1	0	-520	-68	822	0	0	0	1036	2068	1486	505	-0.8894	-0.0654	-0.2698	0.3604	
737756.188944436	0	0	41	-215	-31	-655	88	-1	0	0	0	504	3957	-1329	338	-0.6755	-0.194	-0.6992	0.1209	1	2	-1	2	-522	-47	817	0	0	0	1006	2068	1366	505	-0.8902	-0.0809	-0.27	0.3555	
737756.18894498	0	0	23	-221	-35	-664	48	244	0	0	0	515	4058	-664	339	-0.7992	-0.164	-0.5513	0.1688	1	-3	1	0	-511	-31	816	0	0	0	1066	2128	1396	507	-0.8925	-0.0875	-0.2646	0.352	
737756.188945527	0	0	46	-223	-26	-580	40	594	0	0	0	710	4103	9	340	-0.8781	-0.127	-0.4109	0.2011	1	0	0	0	-522	-46	813	0	0	0	1066	2128	1366	506	-0.8896	-0.082	-0.2712	0.3558	
737756.188946068	0	0	17	-168	-29	-672	42	947	0	0	0	665	4058	714	341	-0.9374	-0.0904	-0.2801	0.1804	1	-2	0	1	-514	-62	825	0	0	0	991	2023	1351	505	-0.8925	-0.0726	-0.2679	0.3533	
737756.188946611	0	0	6	-171	-14	-677	19	990	0	0	0	701	3811	1299	340	-0.9429	-0.0634	-0.2771	0.1684	1	0	0	0	-530	-64	817	0	0	0	1021	2053	1381	506	-0.8902	-0.0708	-0.2758	0.3533	
737756.188947155	0	0	24	-152	-12	-659	51	1017	0	0	0	881	3661	1659	342	-0.9471	-0.0676	-0.2549	0.1772	1	0	-1	3	-519	-56	820	0	0	0	976	1978	1336	505	-0.8925	-0.0774	-0.2698	0.3504	
737756.188947696	0	0	20	-113	-4	-522	136	868	0	0	0	671	3421	2228	341	-0.9462	-0.1081	-0.2348	0.1879	1	0	0	1	-518	-34	806	0	0	0	1111	2023	1411	504	-0.8915	-0.0759	-0.2641	0.3569	
737756.188948115	0	0	10	-172	-25	-433	85	887	0	0	0	701	3151	2438	341	-0.9475	-0.0852	-0.1931	0.2349	1	0	-2	1	-528	-37	799	0	0	0	961	1963	1411	503	-0.8883	-0.0862	-0.2737	0.3562	
737756.188948557	0	0	54	-159	-8	-333	119	1165	0	0	0	536	2881	2959	344	-0.961	-0.0844	-0.1241	0.2268	1	0	-3	1	-513	-26	817	0	0	0	1096	2158	1486	501	-0.8895	-0.0917	-0.262	0.3604	
737756.1889491	0	0	10	-168	-19	-193	128	1472	0	0	0	416	2461	3289	344	-0.9706	-0.0757	-0.0387	0.2174	1	0	-1	-2	-518	-44	823	0	0	0	1096	2038	1306	497	-0.8895	-0.0779	-0.2641	0.3621	
737756.188949644	0	0	5	-108	-17	-170	72	1683	0	0	0	371	1876	3634	345	-0.9741	-0.038	-0.0331	0.2122	1	2	-3	0	-526	-67	821	0	0	0	1051	1993	1381	496	-0.888	-0.0693	-0.2722	0.3617	
737756.188950141	0	0	-20	10	-2	-166	31	1398	0	0	0	549	1803	3704	344	-0.9731	-0.0345	-0.0613	0.2118	1	4	-1	1	-519	-48	833	0	0	0	932	1844	1441	492	-0.8928	-0.0687	-0.2601	0.3582	
737756.188950859	0	0	8	37	12	-166	49	948	0	0	0	414	1998	3509	344	-0.9743	-0.0615	-0.075	0.1968	1	4	3	-4	-534	-55	830	0	0	0	887	2128	1426	471	-0.8903	-0.0839	-0.277	0.349	
737756.188951404	0	0	8	20	13	-188	108	888	0	0	0	309	2043	3404	343	-0.969	-0.0754	-0.0904	0.2096	1	18	-5	1	-504	-28	804	0	0	0	947	2098	1576	428	-0.8923	-0.0918	-0.2627	0.3525	
737756.188951946	0	0	-12	-1	-1	-216	125	941	0	0	0	459	2133	3584	342	-0.958	-0.0738	-0.0858	0.2567	1	0	19	-6	-524	60	812	0	0	0	1021	2143	1351	398	-0.8911	-0.1311	-0.2509	0.3519	
737756.188952491	0	0	0	-8	3	-225	137	1035	0	0	0	654	2058	3509	344	-0.9531	-0.0926	-0.083	0.2707	1	-43	39	17	-656	-96	773	0	0	0	991	2293	1441	380	-0.8707	-0.1002	-0.3063	0.3683	
737756.188953035	0	0	-5	-1	-4	-232	102	1063	0	0	0	459	2163	3554	343	-0.9501	-0.0899	-0.0939	0.2781	1	18	-29	6	-574	-146	760	0	0	0	991	2143	1291	376	-0.8787	-0.0648	-0.2968	0.3652	
737756.188953578	0	0	-3	2	6	-215	82	1000	0	0	0	519	2073	3524	344	-0.9528	-0.0609	-0.0876	0.2779	1	23	-32	0	-549	0	778	0	0	0	1036	2158	1396	376	-0.8852	-0.1057	-0.2781	0.3547	
737756.188953997	0	0	-4	3	-3	-225	96	997	0	0	0	474	2088	3359	344	-0.9506	-0.0633	-0.0918	0.2836	1	-12	4	7	-561	-71	802	0	0	0	961	2233	1471	375	-0.8878	-0.0815	-0.2771	0.3553	
737756.188954736	0	0	0	-1	1	-225	89	992	0	0	0	519	2223	3554	344	-0.9524	-0.0609	-0.0843	0.2804	1	22	-11	-7	-529	-43	863	0	0	0	947	2128	1396	376	-0.8961	-0.0871	-0.2625	0.3444	
737756.18895528	0	0	-4	-2	1	-224	73	1006	0	0	0	444	1968	3419	344	-0.9505	-0.0754	-0.0974	0.2797	1	10	2	2	-526	18	800	0	0	0	1021	2263	1441	375	-0.8944	-0.1076	-0.263	0.343	
737756.188955823	0	0	0	0	3	-226	87	1014	0	0	0	429	2103	3434	343	-0.957	-0.0627	-0.0988	0.259	1	3	5	-6	-559	0	771	0	0	0	902	2233	1471	374	-0.8837	-0.1149	-0.2856	0.3501	
737756.188956366	0	0	-3	-1	1	-220	88	998	0	0	0	549	2013	3494	343	-0.956	-0.0806	-0.0944	0.2603	1	-6	-1	1	-504	-10	836	0	0	0	827	2068	1486	376	-0.8923	-0.0936	-0.2483	0.3614	
737756.188957086	0	0	0	-1	-1	-229	109	1010	0	0	0	399	2073	3464	344	-0.9537	-0.0827	-0.0919	0.2683	1	1	-6	-13	-831	156	630	0	0	0	947	2278	1306	394	-0.8989	-0.0838	-0.2535	0.3434	
737756.188957629	0	0	0	0	-1	-214	90	1043	0	0	0	414	2118	3569	344	-0.9548	-0.058	-0.0819	0.2736	1	-54	19	-15	-487	-17	823	0	0	0	947	2068	1366	434	-0.901	-0.0856	-0.2545	0.3382	
737756.188958174	0	0	3	11	-2	-224	92	1116	0	0	0	474	2088	3419	344	-0.956	-0.0805	-0.0886	0.2618	1	8	-13	0	-600	-69	806	0	0	0	1021	2053	1441	472	-0.8875	-0.0688	-0.2917	0.347	
737756.188958717	0	0	-5	35	-3	-251	76	1164	0	0	0	354	1998	3419	344	-0.9569	-0.0788	-0.1009	0.2544	1	-8	-9	1	-557	143	814	0	0	0	1066	2128	1336	491	-0.9019	-0.1338	-0.2366	0.3322	
737756.188959252	0	0	-14	41	0	-260	88	1250	0	0	0	474	2268	3299	344	-0.9624	-0.0497	-0.0918	0.2436	1	0	-5	0	-636	-85	802	0	0	0	1021	2113	1351	515	-0.8754	-0.0846	-0.309	0.3593	
737756.188959679	0	0	-3	66	1	-300	68	1274	0	0	0	654	2388	3269	344	-0.9626	-0.0477	-0.11	0.2357	1	0	-6	1	-462	-67	818	0	0	0	1051	2113	1291	520	-0.8877	-0.0858	-0.264	0.3625	
737756.188960145	0	0	-24	84	3	-351	69	1241	0	0	0	579	2703	3074	344	-0.9633	-0.0458	-0.1296	0.223	1	-7	-3	2	-487	-89	807	0	0	0	1111	2083	1381	531	-0.8879	-0.0739	-0.266	0.3638	
737756.188960693	0	0	-50	90	0	-404	64	1249	0	0	0	609	2703	2894	344	-0.9605	-0.0426	-0.1515	0.2234	1	-1	-2	2	-557	-87	812	0	0	0	1021	2023	1471	539	-0.8862	-0.0833	-0.2699	0.3639	
737756.188961415	0	0	-36	133	12	-508	7	1284	0	0	0	896	3037	2471	344	-0.9584	-0.0475	-0.1949	0.1978	1	-1	-4	0	-517	-29	836	0	0	0	932	2143	1561	544	-0.8933	-0.0916	-0.258	0.3539	
737756.188961867	0	0	-40	162	21	-478	-30	1052	0	0	0	1016	3547	1992	344	-0.9557	-0.0355	-0.2207	0.186	1	2	-2	1	-522	-13	806	0	0	0	1051	1963	1471	545	-0.8875	-0.0926	-0.2605	0.3663	
737756.188962411	0	0	-27	173	38	-470	4	933	0	0	0	956	3667	1602	343	-0.9545	-0.0493	-0.2392	0.1654	1	-4	0	-2	-516	-33	807	0	0	0	976	2158	1516	543	-0.8887	-0.0875	-0.2682	0.3591	
737756.188962954	0	0	-35	205	45	-505	5	732	0	0	0	851	4012	1077	342	-0.9378	-0.0502	-0.3088	0.1444	1	0	-2	2	-535	-58	812	0	0	0	902	2053	1531	538	-0.8859	-0.0841	-0.2798	0.3577	
737756.188963498	0	0	-14	214	56	-590	74	472	0	0	0	733	4064	379	342	-0.8954	-0.0948	-0.4183	0.1119	1	-3	0	0	-521	-55	818	0	0	0	1081	2083	1501	536	-0.8919	-0.0685	-0.2677	0.3547	
737756.188964041	0	0	-21	225	53	-635	98	392	0	0	0	598	4079	-205	342	-0.8573	-0.1223	-0.4884	0.0992	1	1	-1	-1	-506	-45	824	0	0	0	1051	1993	1441	531	-0.8908	-0.0789	-0.2609	0.3612	
737756.188964577	0	0	-52	256	54	-635	128	128	0	0	0	344	4154	-1027	342	-0.7857	-0.1422	-0.5974	0.0615	1	-3	0	0	-523	-56	827	0	0	0	947	2128	1456	530	-0.8895	-0.0779	-0.2718	0.3564	
737756.188965302	0	0	-50	270	53	-588	186	-271	0	0	0	119	3659	-2181	342	-0.6495	-0.1712	-0.7396	0.0032	1	-2	0	0	-526	-69	806	0	0	0	991	2143	1351	526	-0.8893	-0.0748	-0.2812	0.3504	
737756.188965697	0	0	-52	229	61	-541	300	-721	0	0	0	27	3145	-2790	343	-0.5368	-0.1923	-0.8191	-0.0444	1	-1	0	0	-523	-55	815	0	0	0	932	2143	1441	526	-0.8933	-0.0802	-0.276	0.3429	
737756.188966115	0	0	-39	153	49	-421	401	-949	0	0	0	-167	2890	-3045	342	-0.4572	-0.2102	-0.8598	-0.0741	1	-1	-1	0	-525	-55	819	0	0	0	976	2038	1396	524	-0.8931	-0.0762	-0.2735	0.3466	
737756.188966843	0	0	6	2	9	-393	414	-1081	0	0	0	-227	2380	-3315	343	-0.3322	-0.2448	-0.9053	-0.0913	1	-4	0	0	-529	-55	822	0	0	0	1006	2008	1366	520	-0.8912	-0.0706	-0.2717	0.3536	
737756.188967387	0	0	16	-52	-1	-617	343	-896	0	0	0	-287	2470	-3315	344	-0.339	-0.2512	-0.9031	-0.0682	1	-1	0	1	-521	-29	830	0	0	0	976	2098	1366	521	-0.893	-0.0914	-0.2656	0.3489	
737756.188967922	0	0	21	-97	-33	-771	233	-586	0	0	0	-167	2680	-3195	340	-0.409	-0.2363	-0.8799	-0.0242	1	-1	1	-1	-530	-57	818	0	0	0	1081	2083	1261	520	-0.8912	-0.0759	-0.2755	0.3497	
737756.188968652	0	0	30	-95	-39	-730	237	-556	0	0	0	-122	2875	-3000	340	-0.439	-0.2291	-0.8677	-0.0046	1	-1	1	0	-532	-76	786	0	0	0	1171	2113	1291	519	-0.8857	-0.068	-0.2869	0.3562	
737756.188969192	0	0	13	-123	-43	-689	219	-594	0	0	0	177	3055	-2670	340	-0.4712	-0.2243	-0.8518	0.0204	1	-1	0	0	-537	-75	798	0	0	0	991	2113	1441	519	-0.8876	-0.073	-0.2877	0.3496	
737756.188969736	0	0	41	-183	-43	-674	169	-373	0	0	0	312	3430	-2415	338	-0.5143	-0.2184	-0.827	0.0465	1	-1	-1	3	-539	-61	825	0	0	0	961	2053	1441	520	-0.8924	-0.0699	-0.2747	0.3485	
737756.188970273	0	0	55	-202	-36	-682	121	-128	0	0	0	492	3669	-1786	339	-0.5768	-0.2095	-0.7836	0.0764	1	-3	1	1	-535	-40	815	0	0	0	1096	2128	1456	520	-0.8923	-0.0745	-0.2708	0.3503	
737756.188970815	0	0	1	-181	-30	-686	48	72	0	0	0	505	4018	-958	340	-0.716	-0.1674	-0.661	0.1425	1	1	0	2	-520	-28	813	0	0	0	1051	2083	1351	519	-0.8932	-0.0814	-0.2636	0.3523	
737756.188971241	0	0	22	-201	-29	-652	17	95	0	0	0	625	3988	-568	339	-0.7493	-0.153	-0.621	0.1668	1	0	1	-2	-525	-28	807	0	0	0	1006	2128	1276	518	-0.8933	-0.0873	-0.2713	0.345	
737756.188971707	0	0	59	-234	-4	-513	73	435	0	0	0	790	4123	136	339	-0.8344	-0.1458	-0.4898	0.1978	1	0	0	-1	-538	-60	807	0	0	0	1006	2128	1426	516	-0.8902	-0.0731	-0.2814	0.3483	
737756.188972255	0	0	32	-216	-21	-509	93	739	0	0	0	655	4018	810	340	-0.9057	-0.1322	-0.336	0.2142	1	0	0	0	-534	-56	812	0	0	0	1036	2008	1336	514	-0.8897	-0.0712	-0.2747	0.3549	
737756.188972685	0	0	10	-248	-26	-495	93	944	0	0	0	715	3718	1380	342	-0.9509	-0.098	-0.2095	0.1998	1	1	0	0	-548	-65	820	0	0	0	932	2173	1291	513	-0.8909	-0.0805	-0.2867	0.3405	
737756.188973082	0	0	4	-210	-34	-403	51	1018	0	0	0	819	3433	2024	343	-0.9646	-0.05	-0.1623	0.1948	1	0	0	1	-552	-70	805	0	0	0	947	2128	1336	513	-0.8927	-0.0717	-0.2909	0.3339	
737756.188973637	0	0	48	-211	-2	-317	64	1201	0	0	0	909	3349	2490	342	-0.9734	-0.0432	-0.1074	0.1904	1	1	0	2	-540	-50	797	0	0	0	917	2098	1366	511	-0.8935	-0.081	-0.2851	0.3345	
737756.188974173	0	0	53	-194	18	-317	218	1555	0	0	0	549	2629	3090	343	-0.9725	-0.084	-0.0766	0.1971	1	0	-1	4	-532	-36	808	0	0	0	991	2023	1381	507	-0.8932	-0.0782	-0.2711	0.3475	
737756.188974716	0	0	-6	-132	-15	-171	116	1717	0	0	0	339	2240	3510	343	-0.9787	-0.0561	-0.0215	0.1872	1	2	-1	1	-537	-25	812	0	0	0	872	2083	1351	505	-0.8936	-0.0957	-0.2759	0.3383	
737756.188975443	0	0	-19	8	-10	-221	72	1415	0	0	0	481	1924	3674	343	-0.9716	-0.0454	-0.078	0.2112	1	0	0	1	-524	-28	809	0	0	0	961	2203	1411	504	-0.8955	-0.085	-0.2699	0.341	
737756.188975987	0	0	-7	30	7	-179	51	1002	0	0	0	406	1819	3719	342	-0.9701	-0.0237	-0.077	0.2231	1	0	-1	0	-522	-34	810	0	0	0	917	2218	1546	501	-0.8958	-0.0821	-0.269	0.3415	
737756.188976531	0	0	4	20	0	-164	83	912	0	0	0	421	2073	3554	342	-0.9695	-0.065	-0.069	0.218	1	0	-3	0	-536	-56	802	0	0	0	932	2053	1501	496	-0.8904	-0.0746	-0.2795	0.3489	
737756.188977073	0	0	4	-5	6	-173	108	922	0	0	0	271	2133	3465	341	-0.9669	-0.0974	-0.0707	0.2184	1	1	-1	2	-559	-26	853	0	0	0	991	2143	1471	483	-0.895	-0.0844	-0.2683	0.3436	
737756.188977514	0	0	-1	-13	-1	-189	124	1011	0	0	0	391	2044	3734	344	-0.9622	-0.0886	-0.0824	0.2386	1	-3	7	2	-554	20	835	0	0	0	991	2053	1411	446	-0.893	-0.107	-0.2633	0.3466	
737756.188977969	0	0	0	-12	1	-203	115	1067	0	0	0	496	2088	3569	342	-0.9599	-0.0838	-0.0812	0.2488	1	33	12	11	-512	-15	776	0	0	0	1006	2218	1366	406	-0.8871	-0.104	-0.2682	0.3577	
737756.188978511	0	0	-3	0	1	-210	114	1056	0	0	0	391	1984	3524	344	-0.9601	-0.0605	-0.0758	0.2556	1	-9	6	5	-583	-70	687	0	0	0	872	2083	1321	383	-0.8781	-0.1036	-0.308	0.3479	
737756.188978911	0	0	-3	1	3	-202	113	1021	0	0	0	406	2058	3569	343	-0.9588	-0.0842	-0.0821	0.2523	1	-45	2	14	-553	-136	780	0	0	0	1036	2158	1456	374	-0.8813	-0.0622	-0.3009	0.3554	
737756.18897946	0	0	-1	2	2	-204	117	995	0	0	0	436	2029	3599	343	-0.9578	-0.0603	-0.0772	0.2642	1	15	-62	-11	-467	20	880	0	0	0	887	2128	1426	376	-0.8964	-0.0831	-0.2655	0.3399	
737756.188979995	0	0	-3	0	-4	-203	106	1002	0	0	0	361	2014	3644	343	-0.9564	-0.0642	-0.0801	0.267	1	3	0	-2	-556	-10	854	0	0	0	917	2158	1456	376	-0.9017	-0.0786	-0.2612	0.3318	
737756.188980543	0	0	-5	-4	3	-201	84	985	0	0	0	391	1984	3614	342	-0.9581	-0.0806	-0.0868	0.2546	1	0	4	-3	-506	-67	819	0	0	0	767	2158	1366	376	-0.9032	-0.0655	-0.2722	0.3215	
737756.188981081	0	0	1	-2	-2	-187	105	1043	0	0	0	316	1939	3569	344	-0.96	-0.0609	-0.0679	0.2579	1	11	-5	2	-524	-45	814	0	0	0	947	2098	1546	375	-0.9011	-0.0659	-0.2695	0.3299	
737756.188981623	0	0	-3	0	3	-204	89	1025	0	0	0	376	1969	3629	343	-0.9586	-0.0787	-0.0881	0.2531	1	6	3	0	-522	11	806	0	0	0	976	2218	1486	376	-0.9016	-0.0962	-0.2607	0.3288	
737756.188982168	0	0	0	1	2	-203	119	1003	0	0	0	286	2148	3480	344	-0.9589	-0.0802	-0.0836	0.2525	1	5	1	-3	-485	-27	865	0	0	0	1021	2083	1501	377	-0.9029	-0.07	-0.2383	0.3475	
737756.188982712	0	0	0	0	-1	-198	96	1018	0	0	0	451	2103	3644	343	-0.9588	-0.0546	-0.0802	0.2604	1	5	18	-4	-852	122	626	0	0	0	842	2113	1471	400	-0.9024	-0.0745	-0.2623	0.3295	
737756.188983148	0	0	1	3	1	-201	117	1036	0	0	0	451	2163	3614	342	-0.9598	-0.0617	-0.0647	0.2603	1	-34	26	1	-478	-12	850	0	0	0	827	2098	1426	428	-0.9111	-0.0812	-0.248	0.3153	
737756.188983684	0	0	1	14	-5	-209	114	1103	0	0	0	451	2073	3614	343	-0.9578	-0.0605	-0.0757	0.2642	1	6	-10	-17	-556	-48	790	0	0	0	827	2158	1396	455	-0.8978	-0.0838	-0.2835	0.3231	
737756.188984231	0	0	-1	26	0	-225	91	1083	0	0	0	466	1999	3659	344	-0.9577	-0.0825	-0.0889	0.2556	1	-8	-5	6	-639	15	790	0	0	0	827	2188	1366	473	-0.8886	-0.0985	-0.3103	0.3194	
737756.188984655	0	0	-11	30	0	-242	106	1169	0	0	0	451	2103	3495	344	-0.9604	-0.0801	-0.0953	0.2433	1	0	-6	0	-558	-178	813	0	0	0	1006	2098	1366	488	-0.8834	-0.0535	-0.3082	0.3442	
737756.188985211	0	0	-16	46	0	-257	81	1203	0	0	0	361	2253	3465	342	-0.9617	-0.0765	-0.0998	0.2367	1	0	-3	5	-606	-96	805	0	0	0	1066	2068	1366	499	-0.8881	-0.0543	-0.3123	0.33	
737756.188985755	0	0	-18	81	12	-304	68	1404	0	0	0	466	2478	3270	344	-0.97	-0.0415	-0.1049	0.2072	1	-5	-1	4	-559	17	785	0	0	0	1051	2113	1411	506	-0.8983	-0.0801	-0.2836	0.3219	
737756.188986299	0	0	-36	112	11	-377	78	1382	0	0	0	571	2673	3075	342	-0.9684	-0.0629	-0.1337	0.1928	1	-2	-3	2	-536	11	817	0	0	0	857	2188	1366	511	-0.9047	-0.091	-0.2731	0.31	
737756.188986843	0	0	-61	139	18	-470	32	1360	0	0	0	676	3018	2640	342	-0.9646	-0.0318	-0.1782	0.1856	1	0	-4	3	-503	1	826	0	0	0	976	2128	1486	514	-0.9066	-0.0843	-0.2559	0.3205	
737756.188987387	0	0	-33	165	26	-478	9	1270	0	0	0	691	3093	2475	344	-0.9651	-0.0264	-0.1846	0.1777	1	-5	-1	1	-535	-19	813	0	0	0	961	2083	1501	515	-0.8997	-0.0816	-0.269	0.3311	
737756.188987922	0	0	-28	199	38	-445	74	1034	0	0	0	692	3668	1810	342	-0.9628	-0.0682	-0.2093	0.1463	1	0	-2	1	-531	-37	827	0	0	0	887	2188	1366	512	-0.8995	-0.0857	-0.2738	0.3268	
737756.188988649	0	0	-41	213	36	-440	65	927	0	0	0	707	3773	1585	341	-0.9588	-0.0618	-0.2329	0.1445	1	2	-3	0	-517	-5	804	0	0	0	827	2128	1426	510	-0.9015	-0.0963	-0.2666	0.3243	
737756.188989077	0	0	-41	213	36	-440	65	927	0	0	0	707	3773	1585	341	-0.9588	-0.0618	-0.2329	0.1445	1	2	-3	0	-517	-5	804	0	0	0	827	2128	1426	510	-0.9015	-0.0963	-0.2666	0.3243	
737756.188989632	0	0	-41	213	36	-440	65	927	0	0	0	707	3773	1585	341	-0.9588	-0.0618	-0.2329	0.1445	1	2	-3	0	-517	-5	804	0	0	0	827	2128	1426	510	-0.9015	-0.0963	-0.2666	0.3243	
737756.188990176	0	0	-41	213	36	-440	65	927	0	0	0	707	3773	1585	341	-0.9588	-0.0618	-0.2329	0.1445	1	-6	0	-2	-522	-24	842	0	0	0	887	2158	1516	503	-0.905	-0.0773	-0.2634	0.3222	
737756.188990719	0	0	-36	249	40	-572	192	-247	0	0	0	145	3590	-1927	340	-0.7658	-0.1426	-0.6247	0.0285	1	2	0	1	-530	-39	852	0	0	0	932	2173	1381	503	-0.9048	-0.0779	-0.2675	0.3192	
737756.188991255	0	0	-5	176	44	-491	312	-972	0	0	0	25	2991	-2707	341	-0.6311	-0.1781	-0.7532	-0.0179	1	1	3	-1	-520	-41	817	0	0	0	857	2098	1486	503	-0.9028	-0.0758	-0.2722	0.3216	
737756.188991982	0	0	5	26	20	-385	399	-1119	0	0	0	-141	2550	-2941	343	-0.499	-0.2249	-0.8342	-0.0479	1	-4	0	2	-524	-53	805	0	0	0	857	2038	1546	505	-0.8991	-0.0684	-0.2757	0.3304	
737756.188992526	0	0	21	-75	-11	-553	322	-904	0	0	0	-66	2685	-3016	343	-0.4422	-0.2481	-0.8599	-0.0398	1	2	-2	2	-524	-31	827	0	0	0	902	2143	1411	506	-0.9024	-0.0802	-0.2668	0.3261	
737756.18899307	0	0	17	-109	-32	-729	220	-568	0	0	0	-21	2820	-2911	339	-0.4639	-0.2451	-0.8503	0.0004	1	1	1	2	-525	-20	833	0	0	0	917	2128	1396	506	-0.9025	-0.0828	-0.2655	0.3263	
737756.188993612	0	0	29	-112	-40	-701	216	-533	0	0	0	113	2955	-2506	341	-0.4903	-0.2383	-0.8368	0.0302	1	4	2	1	-532	-30	821	0	0	0	872	2113	1441	506	-0.9016	-0.0757	-0.2708	0.3253	
737756.18899433	0	0	25	-137	-38	-645	180	-453	0	0	0	353	3434	-2057	340	-0.5171	-0.2394	-0.8181	0.065	1	3	0	6	-540	-40	800	0	0	0	857	2128	1336	504	-0.8994	-0.0788	-0.2832	0.3209	
737756.188994864	0	0	27	-184	-45	-628	167	-275	0	0	0	518	3509	-1652	338	-0.5766	-0.2396	-0.7746	0.0915	1	2	1	4	-528	-5	817	0	0	0	767	2218	1456	502	-0.9035	-0.1002	-0.2702	0.314	
737756.188995399	0	0	41	-223	-42	-563	104	18	0	0	0	742	3912	-980	340	-0.6826	-0.2267	-0.6759	0.151	1	1	3	3	-538	0	836	0	0	0	767	2218	1516	506	-0.9063	-0.091	-0.2678	0.3112	
737756.188996126	0	0	24	-239	-32	-491	-27	303	0	0	0	682	4092	8	340	-0.8203	-0.1477	-0.4948	0.2388	1	-2	6	0	-528	10	803	0	0	0	932	2143	1351	504	-0.904	-0.0942	-0.268	0.3168	
737756.188996567	0	0	37	-246	-8	-479	0	735	0	0	0	757	3957	745	340	-0.8965	-0.1127	-0.3366	0.2584	1	-3	5	-1	-544	-20	787	0	0	0	902	2323	1351	504	-0.9003	-0.0883	-0.2866	0.3127	
737756.188997295	0	0	12	-239	2	-494	82	1000	0	0	0	817	3717	1494	341	-0.9552	-0.084	-0.2005	0.1957	1	3	1	3	-554	-16	798	0	0	0	707	2248	1186	505	-0.9036	-0.0982	-0.2902	0.296	
737756.188997839	0	0	58	-227	-4	-421	40	1196	0	0	0	727	3388	2274	344	-0.968	-0.0546	-0.1414	0.1923	1	-3	2	3	-553	-5	794	0	0	0	692	2083	1471	505	-0.9056	-0.0851	-0.2826	0.3016	
737756.188998382	0	0	7	-250	6	-308	209	1689	0	0	0	652	2927	2937	344	-0.9754	-0.0739	-0.0596	0.1931	1	3	-1	4	-553	23	793	0	0	0	827	2158	1456	506	-0.9057	-0.0971	-0.2767	0.3032	
737756.188998917	0	0	9	-165	-15	-270	62	1799	0	0	0	488	2462	3462	345	-0.9769	-0.0489	-0.0487	0.1932	1	0	0	2	-548	28	781	0	0	0	722	2203	1501	504	-0.9009	-0.1101	-0.2798	0.3104	
737756.188999644	0	0	5	-3	2	-274	118	1336	0	0	0	428	2043	3641	345	-0.9708	-0.0651	-0.0895	0.2055	1	5	-3	0	-531	32	816	0	0	0	707	2248	1396	490	-0.9063	-0.1143	-0.2602	0.3098	
737756.189000187	0	0	-15	0	-5	-167	56	1106	0	0	0	503	1878	3566	345	-0.9714	-0.0355	-0.0672	0.2169	1	1	-2	-7	-527	52	818	0	0	0	767	2218	1426	463	-0.9089	-0.1126	-0.2528	0.3082	
737756.189000619	0	0	2	17	4	-168	89	1013	0	0	0	353	2148	3626	344	-0.9729	-0.0616	-0.0526	0.209	1	21	1	-6	-568	46	900	0	0	0	782	2113	1381	416	-0.9065	-0.1066	-0.2515	0.318	
737756.189001349	0	0	-5	1	-5	-207	102	969	0	0	0	353	2148	3626	343	-0.9627	-0.0582	-0.0919	0.2407	1	22	5	7	-548	132	731	0	0	0	797	2398	1516	376	-0.8934	-0.1502	-0.2771	0.3161	
737756.189001889	0	0	0	-4	4	-228	93	974	0	0	0	518	2133	3641	342	-0.9594	-0.0777	-0.1004	0.246	1	-68	-27	1	-721	116	717	0	0	0	587	2248	1396	374	-0.8789	-0.131	-0.3349	0.3096	
737756.189002432	0	0	1	-2	0	-226	116	1027	0	0	0	383	2058	3656	344	-0.9579	-0.0651	-0.0881	0.2586	1	19	-41	-10	-341	-109	962	0	0	0	632	2233	1561	377	-0.9151	-0.0555	-0.2253	0.3244	
737756.189002976	0	0	-5	-3	1	-225	75	1009	0	0	0	338	2163	3581	344	-0.9564	-0.0564	-0.0948	0.264	1	26	0	-10	-577	70	839	0	0	0	872	2053	1441	373	-0.912	-0.0853	-0.254	0.3064	
737756.189003512	0	0	2	-1	1	-238	116	1015	0	0	0	548	2073	3671	344	-0.9546	-0.0821	-0.0915	0.265	1	-2	-4	0	-538	-10	815	0	0	0	827	2188	1576	375	-0.9037	-0.0884	-0.2685	0.3179	
737756.189004237	0	0	-4	-2	0	-219	87	1016	0	0	0	488	2133	3671	344	-0.9523	-0.0839	-0.094	0.2724	1	11	11	-5	-475	62	793	0	0	0	872	2173	1531	376	-0.9116	-0.1151	-0.2406	0.3098	
737756.189004782	0	0	-4	-2	3	-219	107	996	0	0	0	473	2148	3596	343	-0.955	-0.0606	-0.0797	0.274	1	-10	-4	-3	-542	33	770	0	0	0	902	2113	1621	375	-0.8954	-0.1058	-0.2697	0.3344	
737756.189005326	0	0	1	-4	2	-202	91	990	0	0	0	383	2208	3566	342	-0.9533	-0.0837	-0.0862	0.2708	1	10	-20	-1	-483	20	817	0	0	0	797	2188	1576	376	-0.9065	-0.1073	-0.2446	0.3237	
