1
737756.196038855	0	0	-1	-1	1	-341	99	969	0	0	0	382	1395	3487	331	-0.753	-0.1481	-0.0807	0.6342	1	-2	0	-2	-212	45	953	0	0	0	856	903	1362	383	0.8654	0.0755	0.0876	-0.4858	
737756.196039268	0	0	-1	-1	1	-341	99	969	0	0	0	382	1395	3487	331	-0.753	-0.1481	-0.0807	0.6342	1	-2	1	-2	-218	52	939	0	0	0	931	888	1347	383	0.8639	0.077	0.083	-0.4891	
737756.196039998	0	0	0	-1	2	-328	110	980	0	0	0	337	1350	3502	331	-0.7613	-0.1482	-0.1024	0.6203	1	-3	1	-4	-230	53	959	0	0	0	916	963	1362	382	0.852	0.0945	0.0933	-0.5041	
737756.196040543	0	0	0	-1	2	-340	107	986	0	0	0	292	1215	3487	332	-0.7675	-0.1321	-0.0841	0.6188	1	1	1	-2	-222	23	937	0	0	0	856	843	1302	382	0.8536	0.0756	0.0956	-0.5048	
737756.196041086	0	0	-2	-1	2	-338	103	959	0	0	0	412	1365	3457	332	-0.7658	-0.1481	-0.1025	0.6149	1	-1	-2	1	-243	29	942	0	0	0	856	963	1332	382	0.8546	0.0848	0.1094	-0.4985	
737756.196041627	0	0	1	-1	2	-344	114	977	0	0	0	217	1350	3472	331	-0.766	-0.1534	-0.099	0.6139	1	1	-1	0	-210	62	956	0	0	0	706	873	1302	382	0.8632	0.0985	0.0852	-0.4853	
737756.196042164	0	0	-4	-2	0	-340	111	974	0	0	0	292	1335	3547	331	-0.7673	-0.129	-0.0853	0.6196	1	6	6	-5	-178	29	1063	0	0	0	871	768	1377	383	0.86	0.0502	0.0627	-0.5015	
737756.196042712	0	0	0	0	0	-329	106	974	0	0	0	367	1380	3442	332	-0.7653	-0.1479	-0.0955	0.6166	1	-1	-64	4	-675	404	745	0	0	0	811	888	1467	479	0.8619	0.0615	0.0551	-0.4969	
737756.19604313	0	0	-2	-1	0	-329	102	977	0	0	0	367	1230	3382	332	-0.7666	-0.124	-0.0829	0.6217	1	-45	-23	-2	-156	-84	1080	0	0	0	856	813	1392	608	0.8673	0.0206	0.0739	-0.4887	
737756.196043694	0	0	-1	-2	2	-336	102	965	0	0	0	232	1425	3637	332	-0.7686	-0.1375	-0.0922	0.6151	1	-9	-15	-8	-167	99	1005	0	0	0	871	648	1437	758	0.8638	0.056	0.0654	-0.4934	
737756.196044243	0	0	-2	-3	2	-323	106	954	0	0	0	352	1305	3397	332	-0.7668	-0.1522	-0.0994	0.6133	1	1	-6	-8	-316	129	960	0	0	0	826	663	1362	895	0.8554	0.0997	0.049	-0.5032	
737756.196044963	0	0	7	-2	5	-334	121	945	0	0	0	232	1395	3487	332	-0.7679	-0.1531	-0.0908	0.6128	1	-2	1	-6	-124	91	981	0	0	0	886	573	1302	1001	0.8424	0.0697	0.0373	-0.5305	
737756.196045507	0	0	4	-16	6	-304	108	933	0	0	0	322	1395	3577	332	-0.7675	-0.1589	-0.0967	0.6112	1	-2	3	-1	-175	-27	976	0	0	0	1006	603	1287	1001	0.8377	0.0408	0.07	-0.538	
737756.196046051	0	0	8	-14	8	-312	127	961	0	0	0	262	1275	3547	334	-0.7728	-0.1368	-0.0619	0.6139	1	-4	0	1	-141	69	942	0	0	0	1066	663	1242	933	0.8357	0.0642	0.0585	-0.5399	
737756.196046587	0	0	0	-24	0	-370	158	1057	0	0	0	157	1200	3562	333	-0.7623	-0.1582	-0.0928	0.6188	1	0	-5	-2	-197	31	953	0	0	0	886	693	1392	909	0.835	0.0672	0.0746	-0.5388	
737756.196047129	0	0	-3	22	-7	-350	194	1406	0	0	0	232	1155	3577	335	-0.7738	-0.1451	-0.0684	0.6101	1	-5	-1	-1	-173	29	948	0	0	0	1036	573	1272	895	0.8232	0.0561	0.0619	-0.56	
737756.196047672	0	0	-37	102	-17	-324	280	1848	0	0	0	277	1440	3352	341	-0.8076	-0.1286	-0.0456	0.5707	1	-2	0	-5	-192	8	934	0	0	0	871	648	1317	888	0.8203	0.0612	0.0846	-0.5608	
737756.1960484	0	0	-130	145	-7	-376	229	1670	0	0	0	502	1845	3218	345	-0.847	-0.1403	-0.0837	0.5024	1	0	-2	0	-176	1	965	0	0	0	1006	603	1242	863	0.821	0.0483	0.0729	-0.5624	
737756.196048815	0	0	-133	173	-12	-431	184	1497	0	0	0	696	1919	2723	349	-0.8711	-0.1225	-0.118	0.4568	1	1	-2	-1	-181	-7	950	0	0	0	931	678	1347	857	0.8218	0.0552	0.0836	-0.5594	
737756.196049281	0	0	-98	211	5	-295	-29	1050	0	0	0	970	2600	2298	352	-0.893	-0.0785	-0.1701	0.4048	1	0	0	-1	-198	7	951	0	0	0	1081	588	1347	854	0.8169	0.0563	0.0775	-0.5669	
737756.196049696	0	0	-83	217	7	-303	-66	850	0	0	0	985	2675	2013	354	-0.9087	-0.062	-0.2037	0.3542	1	-5	0	0	-180	22	933	0	0	0	946	483	1242	854	0.8154	0.0552	0.0653	-0.5709	
737756.196050252	0	0	-75	217	22	-337	-88	477	0	0	0	1239	3050	1249	357	-0.9112	-0.0214	-0.3071	0.2698	1	0	-1	-2	-181	10	961	0	0	0	1006	573	1302	851	0.8157	0.0532	0.0699	-0.5703	
737756.196050665	0	0	-76	208	38	-404	-37	331	0	0	0	1248	3334	599	355	-0.8833	-0.007	-0.3968	0.2444	1	1	-1	0	-182	4	968	0	0	0	1021	768	1347	851	0.8223	0.0642	0.082	-0.5574	
737756.196051057	0	0	-80	200	28	-513	-81	14	0	0	0	1129	3484	239	356	-0.8406	-0.0171	-0.4953	0.2133	1	2	0	1	-165	24	956	0	0	0	856	723	1332	843	0.8321	0.0693	0.067	-0.5443	
737756.196051594	0	0	-64	198	20	-510	-76	-541	0	0	0	1084	3229	-704	359	-0.7381	-0.0173	-0.6502	0.1729	1	0	0	-3	-172	31	937	0	0	0	901	588	1467	837	0.8275	0.0555	0.0605	-0.5538	
737756.196052138	0	0	-54	120	11	-596	72	-1002	0	0	0	977	3273	-1244	359	-0.6221	-0.0243	-0.7712	0.124	1	-7	0	-3	-176	23	936	0	0	0	916	513	1362	830	0.8194	0.0537	0.0637	-0.5655	
737756.196052681	0	0	-33	-18	-1	-717	65	-1045	0	0	0	887	3093	-1484	358	-0.5354	-0.0284	-0.8386	0.0844	1	-2	1	-3	-176	-7	960	0	0	0	976	633	1422	824	0.8203	0.0449	0.0754	-0.5636	
737756.196053223	0	0	24	-82	-14	-756	7	-725	0	0	0	842	3228	-1379	357	-0.512	-0.0309	-0.8539	0.0772	1	0	2	-1	-179	-34	959	0	0	0	916	603	1482	820	0.8196	0.0327	0.0831	-0.5643	
737756.196053944	0	0	35	-132	-23	-618	-63	-588	0	0	0	992	3228	-779	355	-0.5299	-0.0335	-0.8402	0.1023	1	5	-1	3	-209	4	947	0	0	0	931	558	1287	803	0.8156	0.0582	0.0839	-0.5679	
737756.196054488	0	0	85	-196	-34	-524	-32	-379	0	0	0	1112	3228	-449	356	-0.5619	-0.0474	-0.8156	0.1232	1	4	-2	1	-213	51	927	0	0	0	961	648	1317	797	0.8109	0.0833	0.0737	-0.5728	
737756.196055056	0	0	142	-226	-30	-389	-6	266	0	0	0	1292	3228	329	354	-0.7003	-0.0668	-0.6796	0.1996	1	0	-1	0	-182	51	942	0	0	0	946	633	1242	789	0.817	0.0784	0.0643	-0.5662	
737756.196055784	0	0	133	-248	-57	-178	-47	1065	0	0	0	1322	2629	1580	354	-0.8132	-0.0644	-0.5077	0.2707	1	-2	0	-3	-183	-2	955	0	0	0	1051	678	1347	783	0.8204	0.0511	0.0781	-0.5626	
737756.196056328	0	0	102	-221	-39	-198	-12	1198	0	0	0	1157	2225	2284	356	-0.8608	-0.0591	-0.3969	0.3074	1	0	-3	1	-203	-27	956	0	0	0	946	723	1362	778	0.8231	0.048	0.0969	-0.556	
737756.196056864	0	0	102	-221	-39	-198	-12	1198	0	0	0	1157	2225	2284	356	-0.8608	-0.0591	-0.3969	0.3074	1	0	-3	1	-203	-27	956	0	0	0	946	723	1362	778	0.8231	0.048	0.0969	-0.556	
737756.196057289	0	0	102	-221	-39	-198	-12	1198	0	0	0	1157	2225	2284	356	-0.8608	-0.0591	-0.3969	0.3074	1	0	-3	1	-203	-27	956	0	0	0	946	723	1362	778	0.8231	0.048	0.0969	-0.556	
737756.196057835	0	0	83	-59	-19	-568	-140	2338	0	0	0	632	1001	3391	355	-0.9198	-0.0498	-0.1403	0.3582	1	0	0	0	-181	36	941	0	0	0	901	618	1497	764	0.8185	0.0676	0.0643	-0.5653	
737756.196058562	0	0	-192	-20	39	-184	200	603	0	0	0	512	1241	3331	352	-0.9267	-0.1087	-0.0784	0.3466	1	-2	-1	0	-181	0	949	0	0	0	1081	738	1437	764	0.8198	0.0566	0.0801	-0.5627	
737756.196059106	0	0	61	-32	-7	-348	48	652	0	0	0	1096	986	3226	350	-0.9141	-0.1143	-0.1295	0.3622	1	0	0	0	-194	-26	947	0	0	0	856	753	1302	759	0.8235	0.0539	0.0962	-0.554	
737756.19605965	0	0	9	2	-4	-74	-60	1301	0	0	0	692	911	3391	351	-0.9124	-0.0293	-0.0626	0.3991	1	0	-2	1	-197	22	939	0	0	0	781	648	1467	762	0.8228	0.0651	0.0728	-0.5582	
737756.196060185	0	0	-11	-3	21	-290	48	968	0	0	0	811	941	3331	349	-0.9101	-0.0495	-0.1078	0.3933	1	2	-1	0	-185	86	969	0	0	0	976	693	1422	756	0.8152	0.0916	0.0544	-0.5674	
737756.196060578	0	0	3	0	0	-325	78	992	0	0	0	722	941	3331	349	-0.8954	-0.0674	-0.0956	0.4263	1	0	1	-4	-174	84	939	0	0	0	1036	543	1362	749	0.8117	0.0825	0.0434	-0.575	
737756.196060998	0	0	0	0	0	-309	49	1114	0	0	0	647	1046	3346	347	-0.8784	-0.0767	-0.1079	0.4565	1	-4	-1	-7	-191	2	909	0	0	0	931	648	1437	744	0.8084	0.0614	0.0831	-0.5777	
737756.196061434	0	0	-15	-2	5	-283	1	987	0	0	0	587	1046	3436	348	-0.8639	-0.0645	-0.1207	0.4818	1	-5	-1	0	-201	-29	961	0	0	0	811	648	1407	732	0.8156	0.0426	0.0909	-0.5681	
737756.196062161	0	0	0	-3	-5	-271	62	917	0	0	0	752	1031	3331	346	-0.8453	-0.0863	-0.0891	0.5163	1	0	1	2	-197	3	960	0	0	0	886	693	1272	711	0.8212	0.0691	0.089	-0.5576	
737756.196062636	0	0	9	0	-2	-267	13	1067	0	0	0	662	1031	3181	344	-0.8347	-0.0771	-0.1056	0.5323	1	0	-1	5	-199	38	914	0	0	0	871	708	1347	659	0.822	0.0851	0.0817	-0.5553	
737756.196063181	0	0	-7	1	2	-283	30	1020	0	0	0	602	1091	3181	342	-0.8312	-0.0958	-0.0982	0.5363	1	-11	2	6	-191	37	927	0	0	0	1051	738	1437	586	0.8174	0.0741	0.0743	-0.5649	
737756.196063723	0	0	2	0	-1	-291	41	972	0	0	0	871	1031	3331	340	-0.8155	-0.0956	-0.1022	0.5592	1	-27	20	18	-199	32	952	0	0	0	931	708	1467	500	0.8186	0.0745	0.0758	-0.5627	
737756.196064269	0	0	15	4	-1	-291	33	935	0	0	0	841	1061	3301	335	-0.8076	-0.0937	-0.1073	0.5698	1	-13	12	-3	-211	-68	1004	0	0	0	991	918	1437	403	0.8308	0.0438	0.1169	-0.5401	
737756.196064805	0	0	13	2	4	-266	61	1022	0	0	0	497	1136	3466	334	-0.8054	-0.099	-0.0818	0.5755	1	-5	-11	9	-182	-178	795	0	0	0	1096	783	1332	390	0.8303	0.0087	0.1323	-0.5388	
737756.196065347	0	0	-5	-5	-2	-344	71	1024	0	0	0	572	1061	3271	333	-0.7963	-0.1118	-0.1003	0.5834	1	-25	-32	0	-130	-40	972	0	0	0	1006	693	1182	383	0.839	0.0478	0.0874	-0.5319	
737756.196065889	0	0	-9	0	-2	-273	44	996	0	0	0	662	911	3451	332	-0.7871	-0.0939	-0.0912	0.6004	1	13	15	-2	-151	44	999	0	0	0	1111	678	1287	383	0.8449	0.0274	0.0676	-0.5273	
737756.196066329	0	0	-13	-1	0	-296	43	965	0	0	0	766	1046	3406	333	-0.7796	-0.1025	-0.1014	0.6071	1	-2	8	-3	-190	19	968	0	0	0	1186	843	1302	383	0.8404	0.0575	0.0816	-0.5308	
737756.196066828	0	0	-3	-5	0	-282	26	954	0	0	0	781	1121	3331	334	-0.7734	-0.1016	-0.1036	0.6146	1	7	11	-5	-203	-32	932	0	0	0	1126	753	1242	383	0.839	0.0418	0.0958	-0.5322	
737756.196067369	0	0	-6	0	2	-272	39	1035	0	0	0	722	1151	3361	333	-0.7751	-0.0837	-0.0834	0.6179	1	9	2	0	-257	-27	913	0	0	0	1036	753	1212	383	0.8321	0.059	0.1206	-0.5366	
737756.196067913	0	0	-1	0	2	-296	34	976	0	0	0	752	1031	3391	334	-0.7666	-0.1097	-0.1045	0.6219	1	4	-1	5	-220	-32	929	0	0	0	871	768	1317	383	0.8403	0.0556	0.1114	-0.5259	
737756.196068457	0	0	-6	-4	0	-277	45	1001	0	0	0	647	1046	3256	334	-0.7649	-0.0921	-0.0795	0.6297	1	9	0	0	-231	-2	941	0	0	0	1081	768	1167	383	0.8419	0.0599	0.0981	-0.5255	
737756.196068999	0	0	2	2	0	-291	44	980	0	0	0	707	1076	3466	334	-0.7613	-0.1039	-0.0761	0.6332	1	5	6	3	-224	4	942	0	0	0	961	828	1287	383	0.8459	0.0645	0.0975	-0.5187	
737756.196069536	0	0	-5	-4	0	-266	24	1000	0	0	0	662	1001	3451	333	-0.7558	-0.0887	-0.106	0.6378	1	4	0	0	-220	2	936	0	0	0	916	843	1272	383	0.8468	0.0592	0.0976	-0.5175	
737756.196070265	0	0	-2	-1	0	-288	47	1000	0	0	0	527	1106	3286	334	-0.7543	-0.1134	-0.0942	0.6373	1	13	1	1	-231	-48	1002	0	0	0	931	918	1287	383	0.8491	0.0529	0.1187	-0.5099	
737756.196070807	0	0	-1	0	4	-281	42	987	0	0	0	722	1001	3481	332	-0.7545	-0.0914	-0.0775	0.6425	1	40	20	-7	-113	-9	1010	0	0	0	976	753	1332	383	0.8583	0.0287	0.0506	-0.5078	
737756.19607135	0	0	-1	0	0	-297	44	988	0	0	0	617	1076	3526	335	-0.745	-0.1151	-0.0982	0.6474	1	-77	-17	-1	-130	46	979	0	0	0	946	873	1392	487	0.8589	0.0576	0.0496	-0.5036	
737756.196071886	0	0	-1	0	0	-273	40	1019	0	0	0	527	1076	3316	335	-0.7472	-0.1051	-0.0797	0.6486	1	5	-21	-8	-245	-39	953	0	0	0	931	768	1437	646	0.8518	0.0386	0.1087	-0.5085	
737756.196072407	0	0	-5	0	0	-291	36	986	0	0	0	617	1016	3376	334	-0.7452	-0.1122	-0.1013	0.6472	1	-6	-8	-13	-197	116	980	0	0	0	961	708	1347	745	0.8516	0.0796	0.0485	-0.5135	
737756.196072824	0	0	-3	0	0	-278	42	981	0	0	0	677	1166	3376	335	-0.7457	-0.1135	-0.096	0.6471	1	-6	-4	2	-255	-74	951	0	0	0	1021	618	1317	845	0.8326	0.0563	0.1015	-0.539	
737756.196073377	0	0	0	0	1	-292	30	991	0	0	0	617	1106	3226	335	-0.7462	-0.1164	-0.1015	0.6452	1	-9	-3	-2	-134	56	951	0	0	0	1111	588	1287	938	0.8249	0.0608	0.0602	-0.5564	
737756.196073793	0	0	-2	0	2	-303	53	995	0	0	0	677	1076	3406	335	-0.7402	-0.1178	-0.1003	0.6521	1	1	-2	-2	-184	38	950	0	0	0	1066	663	1272	1001	0.8238	0.0572	0.0793	-0.5561	
737756.196074257	0	0	0	0	0	-293	35	1002	0	0	0	542	1091	3391	335	-0.7358	-0.1145	-0.1001	0.6576	1	0	0	-2	-220	-83	980	0	0	0	961	618	1377	1001	0.8204	0.0348	0.0919	-0.5611	
737756.1960748	0	0	-2	0	1	-277	42	1006	0	0	0	617	1046	3226	334	-0.7418	-0.0969	-0.0771	0.6564	1	3	0	1	-184	29	934	0	0	0	931	678	1317	1001	0.8313	0.0669	0.0728	-0.5454	
737756.196075345	0	0	-5	0	1	-280	17	1006	0	0	0	557	1076	3256	335	-0.7425	-0.0825	-0.0951	0.6553	1	0	0	-6	-191	0	942	0	0	0	961	678	1347	1001	0.826	0.0529	0.0811	-0.5535	
737756.196075881	0	0	0	7	2	-291	52	1152	0	0	0	512	1091	3241	335	-0.7492	-0.1108	-0.0874	0.6446	1	-3	0	0	-184	5	960	0	0	0	991	678	1377	1001	0.8184	0.0578	0.0798	-0.5641	
737756.19607643	0	0	-33	23	0	-291	39	1365	0	0	0	662	1121	3331	338	-0.7601	-0.0785	-0.0738	0.6381	1	-1	0	-2	-201	-19	947	0	0	0	1051	618	1287	1001	0.8198	0.047	0.0871	-0.5624	
737756.19607715	0	0	-26	88	9	-321	38	1440	0	0	0	737	1346	3136	340	-0.7869	-0.0879	-0.0921	0.6009	1	1	0	-1	-184	12	958	0	0	0	1051	678	1287	975	0.8177	0.0611	0.0766	-0.5656	
737756.196077694	0	0	-37	107	2	-366	60	1510	0	0	0	856	1736	2926	340	-0.8213	-0.1157	-0.1071	0.5451	1	-2	-2	0	-196	-19	939	0	0	0	991	618	1347	931	0.8126	0.0503	0.0899	-0.5721	
737756.196078193	0	0	-91	125	15	-404	50	1426	0	0	0	737	2006	2806	341	-0.8509	-0.1144	-0.1355	0.4908	1	-1	-2	0	-179	9	956	0	0	0	1021	618	1197	922	0.8108	0.0597	0.0756	-0.5757	
737756.196078736	0	0	-91	158	21	-437	-57	1099	0	0	0	961	2260	2282	342	-0.8793	-0.0736	-0.1984	0.4226	1	-1	0	-1	-189	22	938	0	0	0	991	708	1227	913	0.818	0.0713	0.0804	-0.5632	
737756.19607928	0	0	-89	176	20	-389	-107	935	0	0	0	1081	2530	1922	344	-0.9005	-0.0469	-0.2263	0.3635	1	-4	-2	-2	-193	-5	950	0	0	0	1036	633	1272	904	0.8153	0.0541	0.0838	-0.5689	
737756.196079824	0	0	-109	185	33	-438	-88	547	0	0	0	1242	2802	1413	345	-0.8913	-0.0462	-0.3274	0.3068	1	2	0	-2	-206	-28	975	0	0	0	1051	738	1407	893	0.8169	0.0528	0.0975	-0.5645	
737756.196080368	0	0	-135	139	14	-548	-150	20	0	0	0	1197	3117	738	346	-0.8343	-0.0504	-0.4849	0.2532	1	3	-1	2	-181	5	944	0	0	0	1066	663	1242	881	0.8119	0.0606	0.0785	-0.5737	
737756.196080912	0	0	-139	103	16	-575	-144	-346	0	0	0	1317	3207	168	349	-0.7749	-0.0283	-0.5933	0.211	1	5	1	-8	-177	31	973	0	0	0	916	573	1392	854	0.8112	0.0622	0.0617	-0.5765	
737756.196081447	0	0	-62	88	39	-727	-34	-568	0	0	0	1226	3149	-323	352	-0.6935	-0.0206	-0.701	0.1584	1	-4	0	-3	-197	2	931	0	0	0	1021	558	1287	856	0.8061	0.0572	0.0799	-0.5819	
737756.196082173	0	0	-16	-5	8	-930	93	-626	0	0	0	1076	3209	-713	354	-0.6167	-0.0441	-0.7784	0.0995	1	-2	0	-4	-187	-5	958	0	0	0	1066	603	1362	859	0.8061	0.053	0.0786	-0.5827	
737756.196082718	0	0	42	-50	-23	-921	18	-231	0	0	0	1241	3374	-518	350	-0.6308	-0.0669	-0.7641	0.107	1	0	1	-2	-189	-35	966	0	0	0	931	678	1347	850	0.8185	0.0444	0.0958	-0.5631	
737756.196083261	0	0	47	-60	-19	-794	-160	-97	0	0	0	1091	3194	-398	350	-0.6714	-0.049	-0.7182	0.171	1	0	-1	1	-213	-17	924	0	0	0	1036	573	1392	847	0.8113	0.0499	0.0929	-0.5734	
737756.196083677	0	0	41	-78	-9	-741	-116	-178	0	0	0	1301	3164	-158	348	-0.6659	-0.0465	-0.7197	0.1865	1	-1	-2	1	-214	1	941	0	0	0	1021	528	1407	853	0.8013	0.0579	0.0819	-0.5882	
737756.196084083	0	0	67	-126	-36	-708	-131	21	0	0	0	1361	3164	140	349	-0.6994	-0.0526	-0.6797	0.2089	1	-1	-2	3	-207	48	944	0	0	0	1066	603	1242	854	0.7994	0.0807	0.0727	-0.5894	
737756.196084594	0	0	105	-92	-30	-612	-195	439	0	0	0	1331	2985	680	348	-0.7661	-0.0357	-0.5737	0.2815	1	-3	0	-2	-191	25	911	0	0	0	1066	603	1242	853	0.7999	0.0726	0.0741	-0.5897	
737756.196085321	0	0	92	-167	-50	-513	-167	482	0	0	0	1256	2910	1205	352	-0.8335	-0.0427	-0.4395	0.3267	1	-6	-2	-1	-195	-38	979	0	0	0	856	543	1272	851	0.8118	0.036	0.0887	-0.5742	
737756.196085854	0	0	140	-117	-28	-504	-78	1106	0	0	0	1316	2815	1703	352	-0.8762	-0.0532	-0.297	0.3711	1	-1	0	-1	-201	-46	954	0	0	0	961	558	1407	856	0.8067	0.0381	0.0958	-0.5804	
737756.196086399	0	0	45	-128	-26	-503	-140	1023	0	0	0	1166	2275	2212	353	-0.8994	-0.044	-0.2035	0.3811	1	0	-2	0	-191	-19	943	0	0	0	1126	723	1302	851	0.8103	0.0548	0.0909	-0.5748	
737756.196086941	0	0	77	-109	-10	-447	-143	1205	0	0	0	1031	2050	2527	351	-0.906	-0.0341	-0.1744	0.3807	1	0	-1	0	-192	15	942	0	0	0	1141	648	1377	845	0.8099	0.0616	0.0746	-0.577	
737756.196087485	0	0	59	-103	-6	-524	29	1137	0	0	0	836	1856	2752	350	-0.9029	-0.0862	-0.1814	0.3766	1	-3	-1	-1	-181	11	946	0	0	0	1021	648	1287	838	0.809	0.0597	0.074	-0.5785	
737756.196088028	0	0	41	-88	-2	-311	-79	1219	0	0	0	856	1489	2935	352	-0.9012	-0.0402	-0.127	0.4091	1	-2	-1	0	-184	-22	961	0	0	0	916	633	1452	829	0.8078	0.0515	0.089	-0.579	
737756.196088563	0	0	45	-52	-16	-370	85	1390	0	0	0	811	1324	3159	352	-0.8909	-0.0623	-0.0879	0.4379	1	0	-2	-2	-174	-22	951	0	0	0	1126	573	1452	815	0.8036	0.0401	0.0771	-0.5874	
737756.19608929	0	0	19	3	12	-330	-28	1368	0	0	0	691	1294	3369	352	-0.8883	-0.0525	-0.1011	0.4411	1	0	-1	0	-173	1	953	0	0	0	1171	558	1227	805	0.8046	0.0482	0.0715	-0.5861	
737756.196089774	0	0	-36	-20	11	-307	91	843	0	0	0	751	1114	3309	349	-0.8808	-0.0979	-0.1126	0.4464	1	1	-2	-4	-197	-25	958	0	0	0	916	543	1332	797	0.8016	0.0503	0.0888	-0.5874	
737756.196090495	0	0	15	-4	-9	-242	-18	1047	0	0	0	706	1249	3264	348	-0.8569	-0.0526	-0.1188	0.4961	1	-1	-1	-1	-182	17	948	0	0	0	931	558	1527	787	0.7991	0.0617	0.07	-0.5924	
737756.196091038	0	0	-3	-1	9	-274	-22	957	0	0	0	661	1204	3159	345	-0.857	-0.0653	-0.1312	0.4913	1	-3	-2	0	-192	-28	971	0	0	0	991	588	1317	777	0.7991	0.0485	0.0894	-0.5911	
737756.196091582	0	0	19	-1	0	-340	95	994	0	0	0	691	1144	3309	344	-0.8415	-0.1197	-0.1051	0.5139	1	1	-1	0	-197	-18	950	0	0	0	901	618	1347	750	0.797	0.0609	0.0924	-0.5918	
737756.196091998	0	0	12	3	-3	-300	59	1117	0	0	0	586	1189	3444	342	-0.8337	-0.1034	-0.0931	0.5317	1	14	-9	-4	-218	0	960	0	0	0	1081	558	1317	681	0.7935	0.0623	0.0851	-0.5979	
737756.19609273	0	0	-17	1	-3	-332	89	904	0	0	0	616	1009	3474	335	-0.8201	-0.1098	-0.1063	0.5488	1	13	31	-23	-166	-32	1023	0	0	0	1021	558	1377	497	0.7944	0.0532	0.0671	-0.5993	
737756.196093272	0	0	7	7	-2	-291	71	926	0	0	0	646	1219	3324	335	-0.8166	-0.0829	-0.1121	0.557	1	2	29	14	-190	7	952	0	0	0	976	753	1452	417	0.8017	0.0635	0.0943	-0.5843	
737756.196093815	0	0	13	0	-2	-269	17	1037	0	0	0	541	1174	3429	333	-0.8117	-0.0837	-0.0927	0.5675	1	-31	-9	0	-339	68	761	0	0	0	931	708	1467	383	0.7987	0.1377	0.0856	-0.5772	
737756.196094351	0	0	-3	-2	3	-341	49	985	0	0	0	556	1129	3294	334	-0.8066	-0.097	-0.1173	0.5684	1	-55	-78	-3	-148	62	880	0	0	0	1051	618	1377	383	0.79	0.0877	0.0805	-0.5986	
737756.196095078	0	0	0	4	3	-303	47	984	0	0	0	511	1204	3309	333	-0.7966	-0.1007	-0.1208	0.5818	1	0	1	-8	-187	-117	1110	0	0	0	1231	438	1167	383	0.7994	-0.0014	0.0796	-0.5939	
737756.196095506	0	0	-10	-3	2	-336	75	992	0	0	0	481	1234	3249	333	-0.7936	-0.1247	-0.1076	0.5831	1	0	14	-9	-161	-38	998	0	0	0	1290	498	1287	383	0.7961	0.023	0.0793	-0.598	
737756.196095957	0	0	-5	0	-3	-343	60	981	0	0	0	571	1174	3339	333	-0.7868	-0.1038	-0.0987	0.5976	1	0	12	-2	-218	-102	921	0	0	0	1171	468	1197	383	0.7854	0.0223	0.1131	-0.6067	
737756.196096501	0	0	-2	0	0	-302	37	965	0	0	0	601	1174	3189	334	-0.7809	-0.1137	-0.113	0.6013	1	3	13	1	-176	-89	900	0	0	0	1216	543	1302	383	0.7808	0.0227	0.1072	-0.6137	
737756.196097044	0	0	-4	-3	-3	-308	16	994	0	0	0	631	1114	3399	333	-0.7714	-0.1021	-0.1229	0.6139	1	3	1	3	-212	-57	941	0	0	0	1290	678	1227	383	0.7899	0.0448	0.1104	-0.6001	
737756.19609758	0	0	-2	-1	1	-295	13	984	0	0	0	526	1099	3354	333	-0.7724	-0.0851	-0.0941	0.6194	1	-2	2	2	-214	-32	960	0	0	0	1156	513	1152	383	0.7872	0.0498	0.0947	-0.606	
737756.196098307	0	0	0	0	2	-320	58	979	0	0	0	496	1159	3384	332	-0.7679	-0.1228	-0.1061	0.6173	1	-4	-12	0	-222	-60	916	0	0	0	1111	618	1287	382	0.793	0.0435	0.1136	-0.5956	
737756.19609885	0	0	-2	-2	0	-310	36	991	0	0	0	826	1099	3354	333	-0.7622	-0.1152	-0.1091	0.6255	1	-11	0	0	-160	-114	971	0	0	0	1216	603	1212	383	0.7969	0.0098	0.1013	-0.5938	
737756.196099394	0	0	-4	-2	0	-326	61	1004	0	0	0	676	1129	3354	333	-0.7608	-0.108	-0.0842	0.6318	1	41	26	-7	-46	-183	1111	0	0	0	1111	588	1047	391	0.8057	-0.0311	0.0779	-0.5845	
737756.196099937	0	0	-3	1	0	-310	35	981	0	0	0	796	1189	3264	333	-0.7572	-0.1149	-0.1082	0.6314	1	29	-79	-18	-370	246	638	0	0	0	1156	603	1152	472	0.8183	0.0623	0.0613	-0.5654	
737756.196100473	0	0	-3	-1	-2	-319	34	986	0	0	0	481	1174	3249	332	-0.7512	-0.1106	-0.1041	0.6397	1	-49	-8	-11	-121	-191	979	0	0	0	1186	663	1332	614	0.8114	0.0199	0.0944	-0.5739	
737756.19610089	0	0	-2	-1	-1	-314	27	992	0	0	0	661	1024	3249	334	-0.7455	-0.0953	-0.0908	0.6515	1	-16	-9	0	-166	-112	931	0	0	0	1290	468	1197	764	0.8024	0.0075	0.092	-0.5879	
737756.196101408	0	0	-4	0	0	-321	30	972	0	0	0	721	1084	3369	333	-0.7461	-0.1057	-0.0999	0.6471	1	1	-8	0	-300	-19	1014	0	0	0	1275	483	1242	933	0.796	0.0547	0.0895	-0.5944	
737756.196101944	0	0	1	-1	-1	-296	14	991	0	0	0	586	1189	3204	333	-0.7445	-0.0975	-0.1001	0.6501	1	9	1	7	-141	-28	932	0	0	0	1186	513	1302	1001	0.784	0.0395	0.07	-0.614	
737756.196102487	0	0	-5	-1	2	-331	52	967	0	0	0	556	1219	3354	332	-0.7483	-0.1216	-0.103	0.6416	1	3	-6	-4	-226	-91	951	0	0	0	1141	498	1227	1001	0.783	0.0457	0.088	-0.6121	
737756.196103214	0	0	0	0	0	-311	28	999	0	0	0	676	1219	3324	334	-0.7447	-0.0991	-0.0937	0.6507	1	-4	1	2	-159	-33	977	0	0	0	1216	543	1272	1001	0.7818	0.0391	0.0783	-0.6158	
737756.196103758	0	0	-4	-1	-1	-326	25	980	0	0	0	616	1279	3294	334	-0.7436	-0.1176	-0.1125	0.6462	1	4	-1	0	-197	-48	946	0	0	0	1156	543	1212	1001	0.778	0.0464	0.0965	-0.6178	
737756.1961043	0	0	-3	1	2	-308	36	999	0	0	0	691	1084	3249	332	-0.7473	-0.101	-0.0883	0.6481	1	3	-5	0	-186	-23	907	0	0	0	1156	513	1452	1001	0.7744	0.0494	0.0853	-0.6236	
737756.196104837	0	0	-12	-3	-3	-333	47	1002	0	0	0	646	1219	3324	333	-0.7423	-0.1262	-0.119	0.645	1	-1	-1	2	-182	-35	944	0	0	0	1201	588	1257	1001	0.7836	0.0477	0.0888	-0.6117	
737756.196105566	0	0	-4	8	-2	-312	25	1101	0	0	0	676	1129	3354	334	-0.7442	-0.1092	-0.1046	0.6482	1	-1	0	-4	-191	-43	964	0	0	0	1081	558	1227	1001	0.7831	0.0493	0.0868	-0.6122	
737756.196106108	0	0	-20	10	-3	-284	0	1244	0	0	0	676	1129	3144	334	-0.7605	-0.0784	-0.108	0.6327	1	0	-2	1	-200	-48	926	0	0	0	1216	573	1302	965	0.7808	0.0446	0.0998	-0.6137	
737756.196106651	0	0	-18	42	6	-297	-5	1328	0	0	0	736	1159	3264	335	-0.7754	-0.0705	-0.0928	0.6178	1	0	-3	1	-185	-10	964	0	0	0	1096	543	1302	932	0.7839	0.0543	0.0805	-0.6117	
737756.196107138	0	0	-20	69	15	-360	31	1357	0	0	0	691	1294	3249	338	-0.7898	-0.0897	-0.0966	0.596	1	1	-3	-2	-177	-6	949	0	0	0	1021	408	1287	914	0.7741	0.0499	0.0719	-0.6256	
737756.196107707	0	0	-72	73	7	-422	54	1317	0	0	0	841	1624	2950	340	-0.8081	-0.1228	-0.1351	0.5572	1	0	-2	0	-191	-46	932	0	0	0	1171	528	1287	894	0.7755	0.0446	0.0939	-0.6214	
737756.196108434	0	0	-54	127	19	-445	-26	1326	0	0	0	1006	1969	2605	341	-0.8535	-0.0969	-0.1727	0.4786	1	0	-2	-1	-179	-37	959	0	0	0	1156	483	1332	876	0.7722	0.0437	0.0831	-0.627	
737756.196108978	0	0	-93	137	17	-432	-70	1053	0	0	0	1096	2238	2305	343	-0.887	-0.0556	-0.2014	0.408	1	-2	-3	0	-187	-35	934	0	0	0	1275	543	1302	866	0.7718	0.0485	0.0893	-0.6264	
737756.196109522	0	0	-78	160	31	-428	-73	791	0	0	0	1156	2688	1795	345	-0.8977	-0.0696	-0.2624	0.344	1	-2	-2	-1	-184	-35	965	0	0	0	1156	453	1212	865	0.7676	0.0448	0.083	-0.6326	
737756.196110058	0	0	-76	170	35	-447	-99	522	0	0	0	1140	2971	1363	344	-0.8797	-0.0589	-0.3503	0.3129	1	6	-1	2	-183	-28	960	0	0	0	1081	468	1197	854	0.7718	0.0478	0.0845	-0.6271	
737756.1961106	0	0	-73	159	43	-517	-268	166	0	0	0	1125	3166	988	346	-0.8345	-0.0549	-0.4678	0.2818	1	1	0	-2	-188	-11	931	0	0	0	1066	483	1302	852	0.7741	0.0579	0.0793	-0.6241	
737756.196111148	0	0	-20	159	32	-719	-14	-191	0	0	0	1185	3256	209	347	-0.7564	-0.0687	-0.6009	0.2448	1	-1	-1	0	-162	-9	940	0	0	0	1156	423	1332	851	0.7686	0.0468	0.069	-0.633	
737756.196111687	0	0	-65	79	17	-731	-97	-514	0	0	0	1020	3332	-201	346	-0.6758	-0.0827	-0.7039	0.1972	1	-3	-1	-4	-172	-30	947	0	0	0	1171	498	1257	850	0.7697	0.048	0.0796	-0.6302	
737756.196112234	0	0	-45	33	17	-842	-15	-630	0	0	0	990	3182	-350	347	-0.6201	-0.0899	-0.761	0.1618	1	-2	-2	1	-176	-37	956	0	0	0	1066	483	1242	846	0.7731	0.0425	0.0861	-0.6255	
737756.19611266	0	0	3	-30	13	-910	-29	-509	0	0	0	900	3332	-320	346	-0.5907	-0.1023	-0.7869	0.1402	1	-1	0	-3	-168	-32	964	0	0	0	1126	483	1332	844	0.7732	0.043	0.0771	-0.6267	
737756.196113076	0	0	33	-64	-7	-915	-2	-188	0	0	0	945	3347	-275	346	-0.6377	-0.1198	-0.7441	0.1522	1	0	0	1	-176	-40	939	0	0	0	1156	423	1332	843	0.7757	0.037	0.083	-0.623	
737756.19611362	0	0	16	-86	-17	-866	-40	-66	0	0	0	1005	3377	-36	346	-0.68	-0.1164	-0.6987	0.1845	1	1	-1	0	-198	-33	953	0	0	0	1066	423	1332	843	0.7677	0.0477	0.0857	-0.6319	
737756.196114164	0	0	45	-91	-13	-833	-108	17	0	0	0	1185	3317	323	345	-0.7176	-0.1013	-0.6512	0.2213	1	0	-1	0	-202	-14	940	0	0	0	1111	528	1407	838	0.7707	0.0599	0.0851	-0.6272	
737756.196114708	0	0	36	-123	-28	-693	-49	108	0	0	0	1140	3242	638	345	-0.7376	-0.1144	-0.6161	0.2474	1	1	-2	0	-170	-9	943	0	0	0	1096	423	1332	833	0.7628	0.0521	0.0708	-0.6393	
737756.196115252	0	0	121	-112	-20	-607	-118	362	0	0	0	1200	3092	1058	345	-0.7794	-0.083	-0.5301	0.3178	1	-3	-2	0	-177	-20	945	0	0	0	1096	483	1272	834	0.7643	0.0543	0.0798	-0.6362	
737756.196115787	0	0	55	-135	-18	-598	29	598	0	0	0	1125	2838	1462	345	-0.8394	-0.1154	-0.403	0.3408	1	-3	-2	-2	-178	-45	973	0	0	0	1275	273	1392	829	0.7593	0.0367	0.0729	-0.6442	
737756.196116512	0	0	83	-155	-21	-460	4	926	0	0	0	974	2651	2022	345	-0.8962	-0.1017	-0.2103	0.3725	1	0	-3	-1	-196	-48	942	0	0	0	1201	498	1347	817	0.765	0.0455	0.0942	-0.6342	
737756.196117058	0	0	87	-110	-17	-382	-12	1319	0	0	0	914	2502	2321	344	-0.9271	-0.0745	-0.1308	0.338	1	-1	-2	0	-182	-37	962	0	0	0	1051	528	1347	816	0.7678	0.0506	0.0892	-0.6308	
737756.196117601	0	0	3	-144	-27	-412	-12	1345	0	0	0	989	2037	2756	345	-0.9249	-0.0366	-0.1265	0.3524	1	0	0	0	-172	-14	956	0	0	0	1111	498	1317	809	0.7708	0.0523	0.0765	-0.629	
737756.196118137	0	0	72	-68	16	-511	89	1392	0	0	0	794	1722	2951	342	-0.9266	-0.0834	-0.1431	0.334	1	-2	0	0	-177	-37	947	0	0	0	1126	423	1302	814	0.7695	0.0416	0.0792	-0.6309	
737756.196118554	0	0	-7	-91	-3	-494	156	1316	0	0	0	580	1765	3322	342	-0.9187	-0.0884	-0.1233	0.3602	1	-2	0	1	-161	-36	949	0	0	0	1231	318	1377	810	0.7687	0.034	0.0715	-0.6332	
737756.19611897	0	0	17	-53	0	-453	90	1125	0	0	0	610	1435	3292	341	-0.9087	-0.0907	-0.135	0.3808	1	2	-1	0	-161	-57	976	0	0	0	1231	438	1347	809	0.7681	0.0298	0.0795	-0.6333	
737756.196119526	0	0	23	-40	-21	-396	139	1089	0	0	0	580	1315	3412	340	-0.8975	-0.1169	-0.1011	0.4088	1	0	0	0	-171	-45	941	0	0	0	1171	408	1317	802	0.7716	0.0374	0.0793	-0.6286	
737756.196120066	0	0	16	-13	-26	-333	-105	1312	0	0	0	490	1075	3412	340	-0.8818	-0.0269	-0.1189	0.4518	1	2	-1	1	-173	-42	959	0	0	0	1096	453	1242	796	0.77	0.0398	0.0839	-0.6298	
737756.19612061	0	0	-32	-7	3	-270	12	1058	0	0	0	535	1150	3427	340	-0.8829	-0.0645	-0.1156	0.4474	1	3	-1	0	-178	-14	946	0	0	0	1246	543	1422	789	0.7675	0.055	0.0783	-0.6325	
737756.196121154	0	0	-16	-9	1	-305	-7	802	0	0	0	610	1225	3352	339	-0.8699	-0.0692	-0.1497	0.4619	1	-1	0	0	-160	13	932	0	0	0	1126	333	1362	767	0.7577	0.0548	0.0572	-0.6464	
737756.19612169	0	0	14	-1	-3	-248	-53	984	0	0	0	745	970	3337	338	-0.8664	-0.0378	-0.1156	0.4807	1	-1	-2	0	-174	-24	947	0	0	0	1066	483	1422	752	0.7616	0.0526	0.0803	-0.6395	
737756.196122415	0	0	0	0	17	-351	87	1030	0	0	0	610	1135	3292	339	-0.8613	-0.109	-0.1138	0.4806	1	1	1	5	-181	-43	976	0	0	0	1021	438	1287	717	0.7586	0.0447	0.0864	-0.643	
737756.19612296	0	0	8	2	0	-323	90	983	0	0	0	580	1225	3322	335	-0.8356	-0.1051	-0.0926	0.5279	1	0	6	10	-181	-47	944	0	0	0	1156	333	1302	659	0.7534	0.0425	0.0812	-0.6497	
737756.196123503	0	0	3	2	0	-307	37	1000	0	0	0	580	1195	3322	335	-0.821	-0.0845	-0.1016	0.5522	1	-8	12	10	-175	29	911	0	0	0	1036	513	1392	518	0.7683	0.0742	0.0663	-0.6309	
737756.196124047	0	0	0	0	1	-318	50	947	0	0	0	625	1240	3217	333	-0.8132	-0.0923	-0.1059	0.562	1	-3	30	0	-199	-64	1010	0	0	0	1051	648	1287	428	0.7827	0.047	0.1059	-0.6098	
737756.196124501	0	0	7	-9	-2	-291	78	962	0	0	0	565	1180	3427	333	-0.81	-0.106	-0.0873	0.5671	1	11	-15	24	-395	-81	805	0	0	0	1186	573	1302	383	0.7746	0.0506	0.1594	-0.6079	
737756.196125228	0	0	7	0	0	-321	61	1039	0	0	0	490	1165	3412	331	-0.7938	-0.1021	-0.0824	0.5917	1	-42	-45	28	-156	47	953	0	0	0	1111	558	1197	383	0.7922	0.0552	0.0771	-0.6007	
737756.196125772	0	0	-2	-1	3	-296	60	958	0	0	0	445	1090	3337	332	-0.7908	-0.1166	-0.1039	0.5893	1	-13	11	-9	-71	-53	1056	0	0	0	1231	468	1227	383	0.8021	0.0051	0.0446	-0.594	
737756.196126315	0	0	15	2	2	-323	71	962	0	0	0	490	1195	3412	332	-0.7876	-0.1174	-0.099	0.5938	1	-1	11	-5	-190	-136	986	0	0	0	1171	588	1167	383	0.7979	0.0172	0.1058	-0.5914	
737756.196126851	0	0	0	-4	-5	-302	89	1018	0	0	0	475	1150	3547	332	-0.7774	-0.1141	-0.075	0.6111	1	4	16	-2	-190	-83	934	0	0	0	1365	603	1122	382	0.7966	0.0239	0.1031	-0.5937	
737756.196127578	0	0	11	4	8	-286	100	1013	0	0	0	430	1135	3412	332	-0.7735	-0.1187	-0.0661	0.6162	1	17	15	-11	-205	-76	984	0	0	0	1305	573	1212	383	0.7982	0.029	0.1012	-0.5917	
737756.196128122	0	0	-9	-6	2	-329	110	987	0	0	0	475	1090	3457	332	-0.7656	-0.1291	-0.0748	0.623	1	26	18	13	-276	-64	956	0	0	0	1246	663	1152	382	0.7939	0.0537	0.1302	-0.5899	
737756.196128666	0	0	-2	3	-2	-308	113	980	0	0	0	550	1195	3472	331	-0.7619	-0.1433	-0.0853	0.6234	1	23	9	-5	-224	18	889	0	0	0	1096	753	1242	380	0.8112	0.0843	0.0938	-0.5693	
737756.196129209	0	0	-1	-1	0	-305	75	961	0	0	0	475	1240	3457	332	-0.757	-0.1311	-0.0952	0.6306	1	6	14	-4	-268	-25	913	0	0	0	1006	693	1182	383	0.807	0.0724	0.1238	-0.5714	
737756.196129744	0	0	-1	-5	3	-316	97	988	0	0	0	505	1120	3427	331	-0.7534	-0.1212	-0.0684	0.64	1	21	2	2	-223	-16	887	0	0	0	991	738	1257	382	0.8178	0.0682	0.1078	-0.5596	
737756.196130275	0	0	0	0	1	-312	96	998	0	0	0	415	1090	3337	331	-0.7518	-0.1161	-0.0709	0.6424	1	36	10	-7	-138	-39	1015	0	0	0	1021	768	1197	383	0.8364	0.0316	0.0721	-0.5404	
737756.196130831	0	0	-4	1	0	-310	101	986	0	0	0	385	1240	3457	331	-0.7528	-0.1362	-0.0863	0.6358	1	-53	-33	-7	-71	127	843	0	0	0	871	768	1317	541	0.8434	0.0852	0.0594	-0.5238	
737756.196131549	0	0	0	0	0	-308	99	996	0	0	0	535	1180	3397	332	-0.7517	-0.1486	-0.0871	0.6344	1	2	-28	11	-154	-20	967	0	0	0	1156	663	1332	775	0.8309	0.0314	0.0748	-0.5483	
737756.19613209	0	0	-8	-1	-1	-327	80	974	0	0	0	355	1180	3427	332	-0.7477	-0.1368	-0.0989	0.6399	1	-13	-25	4	-126	-39	1078	0	0	0	871	678	1317	928	0.8419	0.0157	0.0729	-0.5315	
737756.196132636	0	0	-1	1	0	-301	69	969	0	0	0	520	1165	3412	332	-0.7502	-0.1138	-0.0842	0.6432	1	-6	-11	9	-152	-69	957	0	0	0	1096	573	1392	1001	0.8415	0.0188	0.0517	-0.5351	
737756.19613318	0	0	-6	-3	2	-311	114	985	0	0	0	505	1270	3367	331	-0.7555	-0.1287	-0.0661	0.6362	1	-10	-6	7	-228	-33	919	0	0	0	1171	588	1137	1001	0.8314	0.0368	0.085	-0.546	
737756.196133724	0	0	-3	-2	0	-332	84	984	0	0	0	430	1165	3502	332	-0.7478	-0.1181	-0.081	0.6456	1	-3	-1	1	-186	12	975	0	0	0	1066	573	1242	1001	0.8241	0.0497	0.0687	-0.5585	
737756.19613426	0	0	-2	1	0	-310	61	1006	0	0	0	535	1210	3427	332	-0.7466	-0.1293	-0.1031	0.642	1	2	0	-1	-173	-1	905	0	0	0	1036	603	1332	1001	0.8204	0.0473	0.078	-0.5628	
737756.196134802	0	0	-4	3	2	-302	70	1029	0	0	0	415	1210	3307	332	-0.7523	-0.12	-0.0777	0.6404	1	1	-2	0	-218	-14	944	0	0	0	1096	663	1332	1001	0.8098	0.0586	0.093	-0.5747	
737756.196135345	0	0	-5	3	2	-309	98	1066	0	0	0	505	1210	3397	332	-0.755	-0.1228	-0.0791	0.6365	1	1	-1	-2	-188	-20	930	0	0	0	1111	678	1197	1001	0.8056	0.0553	0.0901	-0.5814	
737756.196135773	0	0	-11	19	0	-330	89	1252	0	0	0	655	1300	3367	335	-0.7663	-0.1179	-0.0812	0.6236	1	0	0	2	-175	0	950	0	0	0	1111	618	1407	1001	0.8061	0.0512	0.0751	-0.5831	
737756.196136236	0	0	-6	56	4	-296	86	1394	0	0	0	490	1315	3292	335	-0.7845	-0.1067	-0.0751	0.6034	1	-2	-2	0	-190	19	956	0	0	0	1156	603	1362	1001	0.8039	0.0605	0.0723	-0.5858	
737756.19613678	0	0	-65	78	-2	-417	153	1325	0	0	0	595	1570	3307	339	-0.8049	-0.1528	-0.1083	0.5603	1	-1	-1	-3	-187	-15	946	0	0	0	886	573	1302	1001	0.8008	0.0512	0.0844	-0.5891	
737756.196137324	0	0	-57	94	9	-385	92	1302	0	0	0	565	1900	2917	341	-0.8279	-0.1386	-0.1266	0.5252	1	0	3	-5	-192	-9	962	0	0	0	1156	513	1242	1001	0.7983	0.0517	0.0732	-0.5941	
737756.196137867	0	0	-63	114	12	-493	96	1221	0	0	0	850	2035	2812	342	-0.8486	-0.126	-0.1507	0.4876	1	0	0	-5	-197	-11	932	0	0	0	991	558	1137	954	0.799	0.0576	0.089	-0.5904	
737756.196138412	0	0	-51	122	20	-460	-26	1077	0	0	0	745	2350	2437	345	-0.8666	-0.104	-0.1985	0.4419	1	1	-3	-1	-197	-37	961	0	0	0	1141	708	1227	920	0.8005	0.0524	0.0977	-0.5873	
737756.196138954	0	0	-39	122	17	-522	167	916	0	0	0	1149	2694	2182	347	-0.872	-0.1775	-0.2167	0.397	1	4	-3	0	-193	6	952	0	0	0	1066	603	1302	888	0.8012	0.0602	0.0776	-0.5887	
737756.196139499	0	0	-51	158	16	-580	79	646	0	0	0	1011	2940	1687	348	-0.868	-0.1844	-0.2939	0.352	1	2	-3	-1	-180	22	946	0	0	0	1081	708	1257	870	0.8046	0.0719	0.074	-0.5833	
737756.196140221	0	0	-46	160	5	-607	-60	179	0	0	0	1071	3210	1058	350	-0.7924	-0.1686	-0.4819	0.3306	1	-3	-4	-2	-195	22	924	0	0	0	961	528	1257	852	0.7957	0.0691	0.0747	-0.5956	
737756.196140761	0	0	-60	154	11	-655	-105	-96	0	0	0	1056	3315	713	349	-0.729	-0.1746	-0.584	0.308	1	-1	-2	-1	-164	11	967	0	0	0	1126	603	1392	845	0.7931	0.0569	0.0654	-0.6015	
737756.196141305	0	0	-86	98	10	-736	-138	-468	0	0	0	1086	3394	288	352	-0.6475	-0.172	-0.6929	0.2626	1	0	0	-2	-175	-10	950	0	0	0	946	573	1302	842	0.7922	0.0583	0.0811	-0.6003	
737756.19614183	0	0	-61	42	15	-873	-51	-444	0	0	0	1056	3544	-191	350	-0.5992	-0.1768	-0.747	0.2232	1	-3	0	-2	-182	-12	939	0	0	0	1021	618	1407	837	0.7928	0.0569	0.0832	-0.5996	
737756.196142221	0	0	-17	-4	2	-920	-96	-358	0	0	0	816	3424	-251	352	-0.585	-0.1811	-0.7613	0.2091	1	-2	-1	-2	-176	-20	965	0	0	0	961	468	1377	835	0.7882	0.0439	0.0754	-0.6078	
737756.196142774	0	0	21	-39	0	-930	-94	-58	0	0	0	1056	3364	-311	350	-0.6331	-0.1728	-0.7124	0.2439	1	0	0	1	-192	-39	963	0	0	0	991	468	1227	830	0.7915	0.0396	0.088	-0.602	
737756.196143319	0	0	13	-71	-4	-962	-99	179	0	0	0	1041	3499	-146	349	-0.7074	-0.1626	-0.6273	0.2789	1	2	0	0	-194	-6	917	0	0	0	1096	603	1272	823	0.794	0.0597	0.0853	-0.5973	
737756.196143862	0	0	7	-46	-7	-882	-144	-106	0	0	0	891	3469	93	349	-0.6993	-0.1589	-0.6352	0.2835	1	1	-2	4	-199	-4	946	0	0	0	946	513	1452	821	0.7884	0.0581	0.081	-0.6056	
737756.196144407	0	0	15	-99	-7	-717	-100	-225	0	0	0	1041	3379	243	348	-0.672	-0.1607	-0.6654	0.2791	1	2	0	0	-194	62	943	0	0	0	1006	573	1272	817	0.7883	0.0894	0.0623	-0.6041	
737756.196145124	0	0	54	-148	-19	-632	-75	193	0	0	0	1026	3304	738	349	-0.7203	-0.1632	-0.595	0.3116	1	-6	0	0	-166	21	937	0	0	0	991	558	1377	816	0.7822	0.0646	0.0637	-0.6148	
737756.196145668	0	0	88	-132	-7	-481	-153	454	0	0	0	1071	3139	1142	349	-0.784	-0.1247	-0.4794	0.3694	1	-4	-1	-3	-177	-48	950	0	0	0	1066	543	1362	811	0.7888	0.0382	0.0876	-0.6057	
737756.196146212	0	0	125	-125	7	-698	59	1103	0	0	0	816	2944	1757	346	-0.8468	-0.1426	-0.3065	0.4063	1	0	0	0	-188	-45	989	0	0	0	1006	483	1362	800	0.7952	0.0326	0.0846	-0.5981	
737756.196146756	0	0	7	-110	-18	-535	-44	920	0	0	0	785	2822	2184	347	-0.882	-0.1005	-0.2403	0.3892	1	0	0	0	-196	-28	940	0	0	0	1021	618	1317	788	0.7981	0.0533	0.0929	-0.5912	
737756.19614717	0	0	-8	-148	8	-414	-14	666	0	0	0	815	2642	2304	348	-0.8982	-0.0982	-0.222	0.3629	1	0	0	4	-201	16	937	0	0	0	1051	498	1317	785	0.7917	0.0629	0.0763	-0.6013	
737756.196147638	0	0	103	-138	-1	-377	249	1244	0	0	0	680	2237	2738	347	-0.9155	-0.1362	-0.1127	0.3565	1	2	0	4	-201	44	937	0	0	0	976	543	1422	781	0.7922	0.0791	0.0675	-0.6	
737756.196148366	0	0	-18	-86	-4	-457	142	1335	0	0	0	350	1907	2978	347	-0.9207	-0.1074	-0.1121	0.3537	1	0	0	0	-155	13	955	0	0	0	1051	528	1317	776	0.7938	0.055	0.0591	-0.6013	
737756.19614891	0	0	-4	-97	-11	-356	32	1206	0	0	0	632	1627	3103	346	-0.9144	-0.0655	-0.1226	0.3779	1	-1	0	-1	-200	-5	927	0	0	0	1021	588	1407	767	0.7985	0.0587	0.0849	-0.5915	
737756.196149453	0	0	48	-36	3	-416	99	1344	0	0	0	617	1342	3328	344	-0.9023	-0.0783	-0.1035	0.4069	1	0	-1	-1	-185	23	960	0	0	0	1111	708	1407	767	0.7981	0.0742	0.0749	-0.5916	
737756.196149989	0	0	-35	-33	-6	-312	104	1162	0	0	0	468	1282	3208	344	-0.8902	-0.0881	-0.0954	0.4332	1	0	0	-1	-176	8	946	0	0	0	976	543	1392	763	0.7962	0.0579	0.0701	-0.5968	
737756.196150715	0	0	18	-3	1	-264	70	1076	0	0	0	468	1222	3358	344	-0.8837	-0.0778	-0.0965	0.4476	1	0	-1	0	-198	-10	936	0	0	0	991	648	1377	764	0.8009	0.0607	0.0904	-0.5874	
737756.196151259	0	0	-19	-13	-10	-318	-18	918	0	0	0	677	1132	3448	344	-0.8746	-0.0525	-0.1363	0.4592	1	1	-2	0	-196	6	958	0	0	0	1051	498	1347	757	0.7982	0.0561	0.0735	-0.5936	
737756.196151803	0	0	27	5	2	-284	65	994	0	0	0	572	1117	3253	343	-0.8719	-0.0888	-0.0978	0.4684	1	-1	-1	0	-198	28	938	0	0	0	1021	558	1317	752	0.7942	0.072	0.0732	-0.5975	
737756.196152339	0	0	0	-5	6	-214	138	1095	0	0	0	557	1102	3418	342	-0.8738	-0.0905	-0.0572	0.4707	1	-3	0	0	-174	27	950	0	0	0	1036	423	1332	748	0.7847	0.0615	0.0597	-0.6124	
737756.196152881	0	0	0	0	0	-369	144	970	0	0	0	468	1222	3448	340	-0.859	-0.1204	-0.119	0.4798	1	0	0	0	-186	-5	944	0	0	0	1036	513	1302	736	0.7859	0.0542	0.0787	-0.6093	
737756.196153308	0	0	5	0	-1	-321	-50	997	0	0	0	632	1117	3433	340	-0.8606	-0.0902	-0.0933	0.4889	1	0	-1	1	-190	-5	929	0	0	0	841	468	1347	709	0.7847	0.0592	0.0797	-0.6105	
737756.196153771	0	0	1	1	-1	-317	66	977	0	0	0	378	1162	3328	335	-0.851	-0.1017	-0.1219	0.4979	1	-3	2	3	-208	-3	950	0	0	0	916	513	1302	657	0.787	0.0628	0.0859	-0.6063	
737756.196154315	0	0	11	11	1	-256	151	982	0	0	0	483	1177	3433	335	-0.8547	-0.1051	-0.0835	0.498	1	-5	0	15	-225	-20	936	0	0	0	856	603	1332	578	0.7905	0.0626	0.1033	-0.5988	
737756.196154858	0	0	-4	0	-2	-252	38	994	0	0	0	423	1177	3373	333	-0.847	-0.0743	-0.0949	0.5143	1	-31	35	30	-175	34	942	0	0	0	1111	678	1347	451	0.807	0.0718	0.071	-0.5803	
737756.196155393	0	0	-5	-6	0	-302	115	1007	0	0	0	498	1222	3208	332	-0.8458	-0.1068	-0.0794	0.5136	1	8	11	-4	-186	-1	1015	0	0	0	976	693	1182	402	0.8281	0.0524	0.0801	-0.5504	
737756.19615612	0	0	0	2	0	-295	110	1011	0	0	0	468	1282	3448	331	-0.8395	-0.102	-0.0757	0.525	1	0	-42	7	-342	159	771	0	0	0	1066	723	1242	383	0.8209	0.0773	0.1373	-0.5461	
737756.196156664	0	0	-6	-6	0	-292	93	967	0	0	0	408	1132	3448	332	-0.8301	-0.1175	-0.0954	0.5339	1	-49	-26	2	-111	44	1003	0	0	0	1036	633	1242	383	0.8271	0.039	0.0591	-0.555	
737756.196157201	0	0	4	-8	0	-284	97	977	0	0	0	468	1252	3328	332	-0.8267	-0.122	-0.0937	0.5384	1	11	19	-2	-183	15	1050	0	0	0	1126	573	1182	383	0.8338	0.0196	0.0792	-0.5437	
737756.196157743	0	0	3	-2	-1	-281	90	998	0	0	0	468	1252	3448	332	-0.8252	-0.1018	-0.0809	0.5464	1	-14	11	-6	-203	-28	996	0	0	0	1216	663	1272	383	0.8251	0.0387	0.0893	-0.5549	
737756.19615847	0	0	-3	-2	0	-256	106	1008	0	0	0	348	1342	3388	331	-0.8257	-0.1009	-0.0691	0.5475	1	19	24	-12	-161	-39	926	0	0	0	1186	783	1332	383	0.8253	0.0357	0.0872	-0.555	
737756.196158898	0	0	1	7	-1	-274	106	975	0	0	0	498	1102	3328	331	-0.8207	-0.0993	-0.0711	0.5551	1	8	14	-3	-307	-53	905	0	0	0	1051	738	1167	383	0.8179	0.0636	0.1458	-0.5514	
737756.196159361	0	0	0	-2	0	-290	100	993	0	0	0	318	1312	3538	332	-0.812	-0.1057	-0.0838	0.5647	1	10	9	4	-273	-31	944	0	0	0	1171	708	1107	383	0.8162	0.0615	0.1231	-0.5596	
737756.196159904	0	0	-3	0	0	-279	90	1011	0	0	0	453	1177	3433	333	-0.8087	-0.1242	-0.0904	0.5653	1	7	14	-2	-260	-27	862	0	0	0	1111	828	1107	382	0.8216	0.0716	0.127	-0.5493	
737756.196160449	0	0	-2	2	2	-272	88	954	0	0	0	303	1177	3523	332	-0.8084	-0.1206	-0.0898	0.5664	1	1	-4	2	-303	-31	847	0	0	0	1156	723	1272	383	0.8136	0.0701	0.1406	-0.5582	
737756.196161172	0	0	-2	-1	-1	-288	131	1004	0	0	0	363	1147	3433	332	-0.795	-0.1349	-0.0877	0.5823	1	9	-3	2	-217	-41	959	0	0	0	1036	843	1182	383	0.8316	0.0532	0.111	-0.5399	
737756.196161595	0	0	-4	-1	-2	-276	104	1010	0	0	0	557	1162	3508	331	-0.7912	-0.1287	-0.0879	0.5891	1	54	39	-37	151	-165	1181	0	0	0	1021	828	1167	395	0.8419	-0.0039	0.0403	-0.5348	
737756.196162139	0	0	-1	5	0	-285	117	1008	0	0	0	453	1087	3403	332	-0.792	-0.1137	-0.0631	0.5935	1	-79	-10	52	-209	147	1029	0	0	0	961	798	1257	548	0.8508	0.0546	0.0319	-0.5185	
737756.196162682	0	0	-8	0	-2	-285	101	993	0	0	0	423	1207	3463	331	-0.7878	-0.1285	-0.0854	0.5937	1	-8	-9	0	-285	-85	1050	0	0	0	1216	843	1272	716	0.8557	0.0451	0.0786	-0.5068	
737756.196163227	0	0	-2	3	0	-278	92	957	0	0	0	333	1207	3343	332	-0.7885	-0.1264	-0.0865	0.5929	1	-9	10	-16	-138	-112	1053	0	0	0	1051	708	1287	895	0.8436	0.0058	0.0798	-0.5287	
737756.196163762	0	0	-3	-1	-1	-297	94	976	0	0	0	468	1252	3478	333	-0.7812	-0.1054	-0.0808	0.6073	1	-15	19	-6	-242	126	855	0	0	0	1141	948	1197	1001	0.8456	0.1068	0.0754	-0.5152	
737756.196164305	0	0	-2	-3	0	-285	87	979	0	0	0	303	1237	3433	332	-0.7825	-0.1256	-0.0886	0.6007	1	-2	-14	3	-252	-1	866	0	0	0	1246	813	1152	1001	0.832	0.0602	0.1207	-0.5363	
737756.196164731	0	0	0	-3	0	-281	92	997	0	0	0	453	1237	3373	332	-0.7867	-0.1122	-0.0664	0.6005	1	-1	-7	10	-271	-50	982	0	0	0	1156	783	1182	1001	0.8307	0.0478	0.1228	-0.5392	
737756.196165148	0	0	0	0	2	-294	92	991	0	0	0	393	1207	3493	331	-0.7862	-0.1016	-0.0808	0.6015	1	5	-1	2	-249	-37	1010	0	0	0	976	663	1152	1001	0.8307	0.0514	0.1032	-0.5429	
737756.196165692	0	0	-2	-2	2	-284	112	1013	0	0	0	483	1147	3343	331	-0.7857	-0.1321	-0.0828	0.596	1	9	0	-2	-224	31	945	0	0	0	1126	903	1062	1001	0.8411	0.0802	0.0944	-0.5246	
737756.196166237	0	0	-2	-3	1	-290	112	1014	0	0	0	438	1132	3478	332	-0.7847	-0.131	-0.0818	0.5978	1	9	0	-2	-224	31	945	0	0	0	1126	903	1062	1001	0.8411	0.0802	0.0944	-0.5246	
737756.196166779	0	0	5	14	0	-335	101	1109	0	0	0	453	1207	3403	333	-0.7836	-0.1276	-0.0914	0.5985	1	3	-9	0	-234	-1	936	0	0	0	1081	738	1197	1001	0.8272	0.0638	0.1004	-0.5477	
737756.196167315	0	0	-22	14	-8	-307	159	1188	0	0	0	542	1237	3433	335	-0.7878	-0.1366	-0.0697	0.5939	1	-2	-5	-1	-230	-4	959	0	0	0	991	678	1107	911	0.8245	0.0622	0.0979	-0.5524	
737756.196168042	0	0	-20	71	-17	-285	110	1434	0	0	0	288	1372	3238	338	-0.7954	-0.1217	-0.0798	0.5854	1	0	-5	0	-206	-1	948	0	0	0	1066	693	1182	847	0.816	0.0629	0.0903	-0.5659	
737756.196168585	0	0	-36	89	0	-317	173	1511	0	0	0	557	1492	3148	340	-0.8041	-0.1333	-0.0712	0.5719	1	0	-5	-1	-214	12	956	0	0	0	946	693	1272	831	0.8169	0.0728	0.0903	-0.5634	
737756.196169129	0	0	-64	126	3	-433	46	1290	0	0	0	737	1941	2909	344	-0.8349	-0.1119	-0.1458	0.5155	1	-1	-4	0	-246	-2	946	0	0	0	1036	483	1302	805	0.8087	0.0575	0.0912	-0.5767	
737756.196169672	0	0	-75	127	5	-513	-38	1142	0	0	0	812	2226	2864	345	-0.8342	-0.1154	-0.2015	0.4969	1	-4	-3	-4	-209	12	943	0	0	0	916	693	1332	802	0.8106	0.073	0.0911	-0.5723	
737756.196170217	0	0	-56	159	6	-549	-10	1071	0	0	0	857	2541	2309	347	-0.8537	-0.137	-0.2326	0.4418	1	-6	-5	-2	-214	-23	950	0	0	0	1036	783	1302	786	0.8162	0.0613	0.1032	-0.5633	
737756.196170632	0	0	-81	168	9	-491	-156	864	0	0	0	1082	2736	1934	347	-0.8595	-0.1244	-0.2599	0.4179	1	-2	-3	-1	-219	-15	959	0	0	0	1036	693	1212	778	0.815	0.0602	0.0982	-0.5662	
737756.196171144	0	0	-102	168	15	-494	-52	566	0	0	0	1143	3052	1456	347	-0.8594	-0.097	-0.3086	0.3927	1	-2	-3	-1	-219	-15	959	0	0	0	1036	693	1212	778	0.815	0.0602	0.0982	-0.5662	
737756.196171872	0	0	-68	192	23	-627	-54	240	0	0	0	1188	3277	602	348	-0.8216	-0.1076	-0.4395	0.3435	1	8	0	-8	-199	14	940	0	0	0	946	573	1302	747	0.8058	0.0654	0.0785	-0.5818	
737756.196172416	0	0	-106	160	20	-636	-64	-220	0	0	0	1219	3393	-314	353	-0.7644	-0.1276	-0.5582	0.2926	1	-3	-1	-2	-207	-5	920	0	0	0	1051	648	1347	748	0.7984	0.0629	0.0911	-0.5904	
737756.196172958	0	0	-84	112	16	-706	-56	-602	0	0	0	1144	3378	-598	358	-0.7168	-0.1346	-0.6338	0.2533	1	-3	-1	-5	-208	8	936	0	0	0	1051	438	1317	754	0.7918	0.0615	0.076	-0.6013	
737756.196173494	0	0	-21	57	25	-744	25	-695	0	0	0	1024	3378	-1048	359	-0.6362	-0.1569	-0.7262	0.2028	1	-2	-1	0	-203	-3	964	0	0	0	1051	648	1317	758	0.7928	0.0668	0.0878	-0.5979	
737756.196174046	0	0	-7	-21	9	-870	35	-653	0	0	0	979	3363	-1093	359	-0.592	-0.1739	-0.766	0.1748	1	0	0	-1	-200	-33	944	0	0	0	1036	543	1272	757	0.7932	0.0463	0.0922	-0.5987	
737756.19617458	0	0	37	-70	0	-871	-2	-274	0	0	0	874	3408	-1048	357	-0.5823	-0.1861	-0.7696	0.1798	1	0	-3	1	-202	-10	935	0	0	0	1081	408	1347	762	0.7952	0.0478	0.0809	-0.5974	
737756.196175127	0	0	21	-93	-11	-820	-68	-169	0	0	0	1024	3408	-658	355	-0.6262	-0.1787	-0.7258	0.218	1	1	-3	0	-210	2	939	0	0	0	1111	588	1422	762	0.79	0.0646	0.0854	-0.6022	
737756.196175668	0	0	20	-126	-16	-733	-63	-333	0	0	0	1099	3393	-314	354	-0.6223	-0.1767	-0.7264	0.228	1	0	-1	0	-207	11	956	0	0	0	1111	618	1287	759	0.7943	0.0688	0.0816	-0.5964	
737756.196176085	0	0	75	-150	-27	-630	-25	-131	0	0	0	1099	3543	-14	355	-0.6355	-0.183	-0.7084	0.2432	1	0	-1	1	-212	24	926	0	0	0	841	498	1497	756	0.7873	0.0714	0.0743	-0.6064	
737756.19617656	0	0	97	-146	-8	-507	-53	182	0	0	0	1189	3273	555	354	-0.7337	-0.1673	-0.5659	0.332	1	-4	-3	0	-188	10	930	0	0	0	1096	603	1362	753	0.7883	0.0669	0.0774	-0.6053	
737756.196177104	0	0	77	-187	-19	-527	-23	297	0	0	0	1144	3138	989	354	-0.7903	-0.1745	-0.4588	0.364	1	-5	-1	-1	-181	-21	957	0	0	0	1036	483	1392	750	0.7891	0.0443	0.0769	-0.6064	
737756.196177647	0	0	118	-194	-23	-386	55	1071	0	0	0	1039	2943	1602	355	-0.85	-0.1351	-0.2747	0.4245	1	-4	-2	-1	-235	-25	950	0	0	0	1036	513	1332	751	0.7893	0.0557	0.0975	-0.6021	
737756.196178191	0	0	100	-182	-10	-352	-74	1330	0	0	0	904	2628	2337	352	-0.9009	-0.0714	-0.1235	0.4056	1	-1	-2	1	-194	-6	950	0	0	0	1036	573	1362	747	0.7858	0.0593	0.0818	-0.6087	
737756.196178735	0	0	23	-194	-22	-483	122	1520	0	0	0	721	2109	2800	352	-0.9112	-0.0854	-0.1136	0.3822	1	-3	0	1	-203	0	924	0	0	0	1201	678	1377	739	0.7894	0.068	0.089	-0.6021	
737756.19617927	0	0	70	-111	1	-422	41	1451	0	0	0	811	1779	2980	349	-0.9176	-0.0697	-0.1155	0.3698	1	-4	0	2	-202	2	937	0	0	0	1036	513	1242	731	0.7847	0.0642	0.0814	-0.6098	
737756.196179998	0	0	0	-70	-7	-307	129	1515	0	0	0	736	1165	3355	347	-0.9107	-0.0721	-0.0593	0.398	1	-1	-1	0	-184	-28	956	0	0	0	1081	528	1317	727	0.7833	0.0477	0.0837	-0.6127	
737756.196180541	0	0	23	19	0	-310	234	1370	0	0	0	586	1285	3295	346	-0.8958	-0.1041	-0.061	0.4248	1	1	0	-2	-182	-31	932	0	0	0	1096	603	1392	724	0.7835	0.0523	0.0903	-0.6111	
737756.196181085	0	0	-59	-12	-8	-231	88	889	0	0	0	616	1255	3325	344	-0.8771	-0.0741	-0.0839	0.4644	1	-1	0	1	-191	-37	942	0	0	0	1081	498	1287	716	0.7841	0.0434	0.0894	-0.6113	
737756.196181628	0	0	5	2	-1	-266	35	830	0	0	0	691	1330	3190	344	-0.8693	-0.0782	-0.1082	0.4726	1	3	-3	-1	-216	-6	941	0	0	0	1111	408	1317	711	0.7787	0.057	0.0816	-0.6181	
737756.196182045	0	0	0	-8	-7	-265	-3	971	0	0	0	691	1240	3340	344	-0.8613	-0.0717	-0.1108	0.4871	1	2	-1	1	-203	26	957	0	0	0	1021	558	1407	709	0.7769	0.0782	0.0749	-0.6189	
737756.19618252	0	0	1	-4	12	-299	23	1021	0	0	0	616	1255	3295	344	-0.8616	-0.076	-0.1159	0.4852	1	-2	-1	0	-201	47	946	0	0	0	1111	588	1287	699	0.783	0.0846	0.0681	-0.611	
737756.196183056	0	0	5	0	3	-334	76	1048	0	0	0	646	1225	3355	342	-0.8486	-0.1084	-0.113	0.5028	1	-3	0	0	-203	-24	939	0	0	0	1036	543	1302	691	0.7804	0.0577	0.0923	-0.6143	
737756.196183599	0	0	-13	1	1	-303	62	1008	0	0	0	586	1075	3235	342	-0.8382	-0.0996	-0.1111	0.5221	1	-1	-1	11	-218	-52	936	0	0	0	991	558	1287	668	0.7852	0.0492	0.1087	-0.6061	
737756.196184326	0	0	0	-2	0	-298	83	991	0	0	0	601	1300	3190	340	-0.8282	-0.0917	-0.109	0.5389	1	-1	-7	14	-222	-26	919	0	0	0	1126	693	1242	626	0.7944	0.0648	0.106	-0.5931	
737756.196184871	0	0	0	1	-1	-320	22	961	0	0	0	601	1150	3250	339	-0.8252	-0.0863	-0.111	0.5443	1	-11	0	28	-205	0	937	0	0	0	1006	603	1272	573	0.7988	0.0635	0.0863	-0.5905	
737756.196185414	0	0	15	2	4	-268	19	991	0	0	0	676	1195	3265	335	-0.8248	-0.0684	-0.0964	0.5497	1	-17	16	35	-195	15	933	0	0	0	1006	753	1362	503	0.8088	0.0767	0.0882	-0.5744	
737756.196185949	0	0	2	-2	0	-296	75	1007	0	0	0	511	1180	3370	335	-0.8222	-0.0948	-0.0988	0.5495	1	-24	28	17	-200	-1	984	0	0	0	931	678	1227	415	0.8315	0.0619	0.0828	-0.5435	
737756.196186497	0	0	-2	-2	5	-294	91	982	0	0	0	601	1180	3460	333	-0.8163	-0.0961	-0.0916	0.5598	1	6	-7	-7	-307	14	951	0	0	0	1006	813	1152	383	0.8354	0.0803	0.1251	-0.5272	
737756.196187034	0	0	-6	-9	1	-314	84	988	0	0	0	-3700	1399	3285	333	-0.8053	-0.1279	-0.0683	0.5718	1	-16	-43	13	-321	12	834	0	0	0	1066	873	1242	383	0.8314	0.0764	0.1343	-0.5314	
737756.196187577	0	0	-1	-7	-1	-297	62	991	0	0	0	498	1330	3296	331	-0.8038	-0.1025	-0.0965	0.575	1	-31	-29	9	-192	-140	1012	0	0	0	1141	768	1197	383	0.8358	0.0157	0.0927	-0.5386	
737756.196188007	0	0	2	0	-1	-289	56	999	0	0	0	349	1270	3236	332	-0.8043	-0.1209	-0.1096	0.5687	1	12	1	8	-108	-140	1061	0	0	0	1021	648	1227	383	0.8442	-0.0195	0.0817	-0.5277	
737756.19618847	0	0	-1	-4	1	-278	49	992	0	0	0	618	1450	3236	332	-0.8105	-0.1172	-0.109	0.5605	1	13	5	-9	-181	36	975	0	0	0	1006	693	1272	383	0.8452	0.0576	0.0684	-0.525	
737756.196189014	0	0	3	-1	3	-273	87	994	0	0	0	573	1375	3311	332	-0.8214	-0.0997	-0.0787	0.5528	1	7	14	-5	-208	-54	950	0	0	0	1156	723	1242	383	0.8391	0.0383	0.0985	-0.5315	
737756.196189558	0	0	-1	6	-2	-285	75	1000	0	0	0	528	1330	3236	332	-0.8247	-0.105	-0.1025	0.543	1	5	10	-8	-225	-10	887	0	0	0	1036	753	1152	381	0.8405	0.0588	0.1048	-0.5266	
737756.196190093	0	0	0	-4	1	-305	87	990	0	0	0	633	1345	3311	331	-0.8269	-0.1249	-0.1044	0.5357	1	13	11	-13	-200	-36	927	0	0	0	991	738	1287	383	0.8363	0.04	0.0988	-0.5358	
737756.196190635	0	0	-3	-1	-1	-295	73	1000	0	0	0	469	1390	3176	331	-0.8281	-0.1191	-0.1068	0.5344	1	4	5	0	-267	-67	898	0	0	0	1096	753	1152	383	0.8245	0.0468	0.1381	-0.5452	
737756.196191184	0	0	-1	1	0	-292	58	992	0	0	0	528	1300	3206	332	-0.8299	-0.0903	-0.1001	0.5381	1	0	-5	6	-236	-5	914	0	0	0	1051	798	1347	383	0.8302	0.0616	0.1037	-0.5424	
737756.196191722	0	0	-2	0	1	-290	72	971	0	0	0	588	1360	3146	331	-0.8313	-0.1128	-0.1048	0.5312	1	18	1	10	-185	-104	1007	0	0	0	961	948	1197	383	0.852	0.0279	0.1148	-0.5072	
737756.196192266	0	0	1	-2	0	-303	88	1006	0	0	0	498	1210	3116	333	-0.8287	-0.1168	-0.0983	0.5356	1	48	20	-5	-73	-31	1036	0	0	0	1066	813	1242	383	0.8625	0.0163	0.0417	-0.5021	
737756.19619281	0	0	-2	5	0	-296	74	998	0	0	0	588	1390	3266	331	-0.8365	-0.0929	-0.1055	0.5263	1	-70	-19	33	-53	161	700	0	0	0	916	783	1392	454	0.8648	0.0838	0.0531	-0.4887	
737756.196193354	0	0	-1	2	0	-281	79	980	0	0	0	528	1330	3296	332	-0.837	-0.1185	-0.103	0.5214	1	-8	-16	-32	-195	0	999	0	0	0	1066	843	1512	580	0.8537	0.0472	0.0788	-0.5105	
737756.19619377	0	0	-2	1	0	-296	78	979	0	0	0	618	1300	3236	332	-0.8373	-0.093	-0.094	0.5273	1	-7	-6	-14	-233	-192	982	0	0	0	1141	708	1167	665	0.8438	-0.0003	0.1097	-0.523	
737756.196194292	0	0	-1	1	1	-302	78	987	0	0	0	498	1360	3206	331	-0.8362	-0.1175	-0.1085	0.5218	1	-23	-1	-9	-153	-138	973	0	0	0	1156	693	1212	729	0.8388	-0.0247	0.1265	-0.5261	
737756.196194835	0	0	-5	-5	0	-302	81	996	0	0	0	528	1360	3176	332	-0.8366	-0.0963	-0.094	0.5277	1	-7	-6	-10	-249	-199	937	0	0	0	1275	843	1122	807	0.8351	-0.0065	0.1359	-0.5308	
737756.196195386	0	0	0	6	1	-299	81	990	0	0	0	618	1360	3206	332	-0.8393	-0.0934	-0.0974	0.5235	1	-4	-5	-3	-151	-130	971	0	0	0	1186	693	1182	880	0.8351	-0.0044	0.1022	-0.5385	
737756.196195923	0	0	-6	-4	-1	-309	77	1007	0	0	0	394	1405	3251	331	-0.8344	-0.1194	-0.1104	0.5238	1	3	-1	5	-140	-72	958	0	0	0	1186	573	1242	923	0.8277	0.0058	0.095	-0.5507	
737756.196196466	0	0	-1	6	-1	-309	62	993	0	0	0	498	1480	3266	331	-0.837	-0.0932	-0.1238	0.5218	1	10	0	-1	-165	27	927	0	0	0	1081	648	1227	915	0.823	0.0547	0.0704	-0.5591	
737756.196197011	0	0	-2	6	-7	-335	118	1033	0	0	0	588	1300	3326	332	-0.838	-0.1328	-0.0996	0.5174	1	-4	0	3	-198	-68	920	0	0	0	1141	738	1167	895	0.8137	0.0369	0.111	-0.5678	
737756.196197552	0	0	0	10	-8	-322	172	1202	0	0	0	573	1435	3221	333	-0.8408	-0.1461	-0.0718	0.5135	1	1	-2	1	-204	-19	942	0	0	0	1216	723	1122	873	0.8144	0.0529	0.0961	-0.5683	
737756.196198089	0	0	-45	15	-4	-303	47	1280	0	0	0	603	1465	3221	338	-0.8473	-0.0756	-0.1106	0.5105	1	-5	-3	0	-202	-41	940	0	0	0	1156	603	1152	844	0.8203	0.0373	0.0942	-0.5614	
737756.196198637	0	0	-23	41	4	-292	95	1305	0	0	0	843	1465	3221	340	-0.8609	-0.1063	-0.0853	0.4874	1	-7	-1	-8	-208	-45	944	0	0	0	1231	588	1197	814	0.816	0.0384	0.0903	-0.5681	
737756.196199175	0	0	-14	88	-1	-345	144	1395	0	0	0	528	1780	2966	343	-0.8831	-0.1154	-0.0882	0.4423	1	-8	-1	0	-187	-65	956	0	0	0	1320	498	1077	810	0.8145	0.0196	0.0963	-0.5701	
737756.196199673	0	0	-57	109	0	-422	74	1244	0	0	0	678	2110	2787	345	-0.8884	-0.1103	-0.151	0.4153	1	4	-2	-3	-184	-55	956	0	0	0	1171	648	1107	801	0.8145	0.0315	0.0958	-0.5698	
737756.196200216	0	0	-80	101	-3	-408	-55	1095	0	0	0	1068	2260	2607	346	-0.8958	-0.0621	-0.2022	0.3864	1	0	-2	0	-199	-61	943	0	0	0	1111	708	1257	783	0.8133	0.0383	0.1076	-0.569	
737756.196200761	0	0	-40	133	2	-442	-158	1132	0	0	0	1023	2544	2292	346	-0.9085	-0.0345	-0.2104	0.3545	1	2	-4	-3	-201	-46	932	0	0	0	1021	618	1377	767	0.8087	0.0415	0.1009	-0.5763	
737756.196201303	0	0	-55	133	-25	-547	-100	1152	0	0	0	951	2719	2089	348	-0.9181	-0.0546	-0.2344	0.3107	1	2	-3	-1	-181	-57	954	0	0	0	1201	618	1377	762	0.8041	0.0292	0.0928	-0.585	
737756.196201841	0	0	-76	180	1	-384	-180	730	0	0	0	1206	2943	1504	352	-0.9186	-0.0036	-0.2704	0.2834	1	3	-1	-4	-194	-52	931	0	0	0	1275	663	1212	739	0.8084	0.0359	0.099	-0.5776	
737756.196202383	0	0	-77	198	5	-521	-163	138	0	0	0	1176	3153	874	354	-0.861	0.0114	-0.4405	0.2498	1	-4	-3	-5	-200	-30	917	0	0	0	1156	603	1212	727	0.8053	0.0471	0.0932	-0.5821	
737756.196202926	0	0	-91	176	-2	-514	-201	-219	0	0	0	1279	3373	393	355	-0.7901	0.0233	-0.5674	0.2257	1	-7	-3	-3	-196	-44	965	0	0	0	1186	633	1242	737	0.7994	0.0424	0.0941	-0.5904	
737756.196203469	0	0	-95	135	9	-628	-154	-632	0	0	0	1414	3298	-341	356	-0.6868	0.0413	-0.7004	0.1837	1	-2	-1	-4	-191	-70	969	0	0	0	1186	633	1212	748	0.8007	0.0314	0.0989	-0.5884	
737756.196204013	0	0	-77	15	21	-808	-110	-673	0	0	0	1324	3238	-791	357	-0.6066	0.0531	-0.7817	0.1273	1	-4	-1	0	-162	-72	940	0	0	0	1141	528	1347	755	0.7968	0.0175	0.0907	-0.5957	
737756.196204557	0	0	24	-22	13	-982	-98	-244	0	0	0	1264	3328	-910	358	-0.6012	0.0364	-0.7907	0.0999	1	0	-1	-1	-157	-87	945	0	0	0	1081	618	1137	759	0.8053	0.0199	0.0994	-0.5825	
737756.196205101	0	0	-6	-51	-6	-953	-151	-17	0	0	0	1174	3298	-761	357	-0.6753	0.0265	-0.7274	0.1104	1	3	0	0	-178	-90	959	0	0	0	1201	618	1197	758	0.8079	0.0169	0.1015	-0.5789	
737756.196205671	0	0	10	-57	0	-890	-218	-182	0	0	0	1129	3373	-746	356	-0.6769	0.0417	-0.7238	0.1204	1	7	0	2	-211	-43	939	0	0	0	1275	483	1182	751	0.8018	0.0339	0.0974	-0.5871	
737756.196206214	0	0	43	-66	9	-761	-188	-239	0	0	0	1189	3373	-356	354	-0.6609	0.0407	-0.7363	0.1329	1	1	-1	1	-200	14	924	0	0	0	1126	633	1152	746	0.7968	0.0693	0.0848	-0.5927	
737756.196206941	0	0	56	-143	5	-782	-29	-114	0	0	0	1159	3343	3	353	-0.6798	0.0037	-0.7226	0.1176	1	-3	0	-3	-167	-25	942	0	0	0	1051	558	1167	738	0.7982	0.045	0.0792	-0.594	
737756.196207485	0	0	84	-128	-12	-586	-115	63	0	0	0	1219	3313	603	354	-0.7617	-0.0119	-0.626	0.1609	1	-5	0	-4	-161	-98	941	0	0	0	1216	453	1332	729	0.7946	0.0098	0.0915	-0.5986	
737756.196208028	0	0	65	-200	-21	-471	-67	751	0	0	0	1204	3028	1157	355	-0.858	-0.0217	-0.4677	0.2028	1	0	-1	-2	-192	-110	960	0	0	0	1066	543	1212	723	0.7967	0.0147	0.1128	-0.5921	
737756.196208564	0	0	111	-135	0	-484	-48	874	0	0	0	1204	2938	1547	355	-0.9136	-0.0284	-0.3264	0.2335	1	4	-3	0	-183	-63	954	0	0	0	1021	588	1197	718	0.8016	0.0336	0.0983	-0.5872	
737756.19620929	0	0	41	-143	-26	-497	-41	990	0	0	0	842	2604	2248	356	-0.9371	-0.0431	-0.213	0.2683	1	3	-1	1	-184	-7	945	0	0	0	1171	528	1197	706	0.7964	0.0487	0.0781	-0.5963	
737756.196209834	0	0	65	-136	4	-360	1	1105	0	0	0	827	2260	2413	355	-0.9535	-0.0471	-0.1303	0.2623	1	-5	-1	-1	-191	-24	919	0	0	0	1186	543	1332	705	0.7858	0.0507	0.0852	-0.6091	
737756.196210378	0	0	76	-108	-21	-341	158	1542	0	0	0	722	1735	2968	356	-0.948	-0.0669	-0.0718	0.2969	1	-2	-3	-3	-172	-53	988	0	0	0	1201	468	1137	698	0.7839	0.0307	0.0842	-0.613	
737756.196210795	0	0	23	-97	2	-347	129	1601	0	0	0	632	1675	3028	356	-0.9418	-0.0696	-0.0743	0.3154	1	2	0	0	-188	-109	977	0	0	0	1201	588	1167	699	0.7874	0.0209	0.1093	-0.6049	
737756.19621126	0	0	16	-45	-3	-382	148	1307	0	0	0	630	1427	3155	355	-0.9297	-0.0748	-0.0915	0.3442	1	1	0	0	-166	-58	932	0	0	0	1141	498	1197	697	0.79	0.0278	0.0887	-0.6047	
737756.196211989	0	0	42	0	3	-390	57	1221	0	0	0	510	1337	3245	357	-0.9151	-0.0804	-0.1319	0.3689	1	1	-2	1	-173	-57	954	0	0	0	1156	513	1242	696	0.7939	0.0283	0.0876	-0.5996	
737756.196212532	0	0	-20	-9	1	-297	44	1031	0	0	0	361	1457	3155	356	-0.9133	-0.0661	-0.1294	0.3766	1	4	-2	-3	-189	-60	938	0	0	0	1335	453	1212	690	0.7862	0.0313	0.0905	-0.6091	
737756.196213075	0	0	9	-2	0	-308	91	893	0	0	0	390	1397	3185	352	-0.8979	-0.1082	-0.1271	0.404	1	2	-1	3	-174	-25	955	0	0	0	1246	513	1182	688	0.7891	0.0427	0.0825	-0.6057	
737756.196213611	0	0	13	-4	-1	-240	85	1019	0	0	0	465	1322	3230	352	-0.8937	-0.0954	-0.0884	0.4258	1	2	0	-2	-174	-25	947	0	0	0	1081	528	1347	676	0.7894	0.0454	0.0788	-0.6058	
737756.196214163	0	0	7	0	9	-345	152	1080	0	0	0	226	1352	3320	352	-0.8796	-0.1348	-0.1093	0.4403	1	-1	-1	0	-183	-52	945	0	0	0	1201	528	1257	676	0.7933	0.0356	0.0884	-0.5999	
737756.196214882	0	0	-7	0	-2	-340	119	977	0	0	0	555	1412	3290	350	-0.8544	-0.1304	-0.1178	0.4864	1	4	-2	0	-179	-48	964	0	0	0	1231	468	1377	666	0.7919	0.0327	0.0853	-0.6021	
737756.196215426	0	0	-10	-6	-1	-279	40	936	0	0	0	465	1322	3170	349	-0.8517	-0.0848	-0.1101	0.5018	1	0	-1	2	-191	-47	932	0	0	0	1096	513	1302	657	0.7886	0.0382	0.0933	-0.6052	
737756.19621597	0	0	0	-4	3	-275	80	979	0	0	0	495	1292	3260	348	-0.8544	-0.0898	-0.0864	0.5009	1	1	-1	0	-178	1	951	0	0	0	1156	543	1272	636	0.7917	0.0547	0.0731	-0.6026	
737756.196216514	0	0	0	0	0	-287	103	1013	0	0	0	390	1307	3275	346	-0.8485	-0.1166	-0.0941	0.5044	1	2	-3	3	-185	-38	945	0	0	0	1156	633	1422	610	0.7931	0.0461	0.0908	-0.5991	
737756.196216929	0	0	2	2	2	-302	113	1028	0	0	0	435	1322	3080	344	-0.8457	-0.1184	-0.0953	0.5084	1	5	-1	4	-132	-16	942	0	0	0	1066	543	1362	568	0.7959	0.0397	0.0656	-0.5987	
737756.196217417	0	0	-7	-1	4	-311	108	972	0	0	0	480	1277	3425	342	-0.842	-0.1062	-0.0909	0.5177	1	1	14	10	-188	-21	971	0	0	0	1096	633	1212	523	0.8028	0.0522	0.0888	-0.5858	
737756.196218145	0	0	1	4	0	-283	145	986	0	0	0	555	1382	3230	338	-0.839	-0.1097	-0.0862	0.5227	1	-11	6	4	-189	-30	905	0	0	0	1141	738	1407	461	0.7995	0.0579	0.0954	-0.5881	
737756.196218689	0	0	-2	1	-5	-307	80	988	0	0	0	555	1382	3320	334	-0.8323	-0.1081	-0.1119	0.5291	1	3	4	18	-113	-35	1009	0	0	0	1096	693	1152	420	0.8109	0.0345	0.0647	-0.5787	
737756.196219232	0	0	-3	3	-3	-313	101	973	0	0	0	615	1292	3410	333	-0.8324	-0.1178	-0.1033	0.5287	1	16	20	-1	-159	33	1004	0	0	0	1051	828	1287	394	0.8242	0.0699	0.0681	-0.5554	
737756.196219768	0	0	-7	-6	0	-323	123	1009	0	0	0	316	1352	3290	333	-0.8321	-0.1382	-0.0962	0.5256	1	5	0	-2	-198	92	760	0	0	0	1036	633	1302	383	0.8174	0.0832	0.0927	-0.56	
737756.196220318	0	0	0	-7	1	-289	65	948	0	0	0	555	1232	3380	332	-0.8293	-0.0978	-0.0958	0.5385	1	-17	-20	1	-191	-8	948	0	0	0	1021	828	1197	383	0.8242	0.0577	0.091	-0.5536	
737756.196221038	0	0	1	-6	3	-300	101	997	0	0	0	361	1247	3245	332	-0.8305	-0.1052	-0.0776	0.5387	1	-7	7	-7	-216	-19	975	0	0	0	1111	708	1362	383	0.822	0.052	0.0925	-0.5579	
737756.196221582	0	0	1	-3	1	-290	92	989	0	0	0	495	1262	3350	331	-0.8235	-0.1204	-0.0964	0.5431	1	0	13	3	-218	-39	1018	0	0	0	1051	678	1167	383	0.8327	0.0377	0.0993	-0.5417	
737756.196222118	0	0	0	3	0	-289	103	1006	0	0	0	286	1382	3320	333	-0.8242	-0.1242	-0.0905	0.542	1	2	25	-4	-213	-26	896	0	0	0	976	753	1212	383	0.8353	0.0552	0.1101	-0.5341	
737756.196222559	0	0	-1	0	0	-287	96	979	0	0	0	525	1352	3290	331	-0.8322	-0.1141	-0.0874	0.5323	1	2	8	-2	-265	-19	847	0	0	0	991	708	1227	383	0.8236	0.0673	0.1277	-0.5469	
737756.196223041	0	0	1	0	0	-301	95	981	0	0	0	361	1247	3365	333	-0.829	-0.107	-0.0888	0.5384	1	-8	0	-4	-236	-34	866	0	0	0	1111	678	1107	383	0.8163	0.0562	0.1165	-0.5615	
737756.196223583	0	0	0	-1	0	-295	93	998	0	0	0	271	1247	3275	333	-0.827	-0.1232	-0.0989	0.5367	1	-4	-14	0	-252	-9	906	0	0	0	1126	753	1152	383	0.8263	0.0639	0.1135	-0.5464	
737756.19622412	0	0	3	0	1	-301	110	977	0	0	0	375	1292	3440	332	-0.8239	-0.1317	-0.098	0.5397	1	-10	-27	-5	-275	-14	941	0	0	0	976	723	1302	383	0.8227	0.0639	0.1156	-0.5512	
737756.196224668	0	0	-3	-3	0	-307	120	1003	0	0	0	375	1232	3320	332	-0.822	-0.1315	-0.0928	0.5436	1	-7	-17	8	-197	-114	1013	0	0	0	1275	573	1242	383	0.8122	0.0077	0.1038	-0.5724	
737756.19622539	0	0	3	3	0	-308	112	988	0	0	0	525	1232	3290	332	-0.8173	-0.1103	-0.0808	0.5567	1	31	-3	-3	-152	-77	1040	0	0	0	1096	663	1212	383	0.8299	0.0188	0.0799	-0.5498	
737756.196225934	0	0	-3	0	0	-293	109	988	0	0	0	510	1187	3335	333	-0.8154	-0.1106	-0.0776	0.5597	1	72	5	-22	-782	222	750	0	0	0	1096	603	1242	455	0.8289	0.0345	0.0374	-0.554	
737756.19622647	0	0	1	1	2	-296	98	986	0	0	0	480	1337	3335	333	-0.8153	-0.1289	-0.0978	0.5532	1	-29	-13	-9	-193	-58	987	0	0	0	1021	468	1197	584	0.8244	0.0383	0.0688	-0.5584	
737756.196227013	0	0	-3	0	0	-318	108	983	0	0	0	405	1262	3170	332	-0.813	-0.1103	-0.0987	0.5607	1	-9	-5	0	-207	31	954	0	0	0	1006	633	1362	750	0.824	0.0534	0.0904	-0.5543	
737756.196227561	0	0	-1	-1	0	-289	101	972	0	0	0	465	1322	3260	332	-0.8153	-0.1154	-0.0852	0.5579	1	0	-1	5	-272	-69	974	0	0	0	946	543	1272	824	0.8117	0.0604	0.1	-0.5701	
737756.196228099	0	0	-1	0	0	-307	115	990	0	0	0	331	1247	3335	332	-0.815	-0.1355	-0.0954	0.5526	1	6	-5	4	-203	22	903	0	0	0	1021	588	1317	880	0.8046	0.042	0.1101	-0.5794	
737756.19622862	0	0	0	3	0	-310	107	991	0	0	0	256	1382	3290	332	-0.8164	-0.1168	-0.1081	0.552	1	14	-3	-3	-148	31	979	0	0	0	1051	588	1317	917	0.8026	0.0533	0.0682	-0.588	
737756.196229164	0	0	-6	-2	1	-301	122	1008	0	0	0	450	1457	3455	332	-0.8208	-0.1177	-0.077	0.5504	1	0	-1	8	-227	-7	941	0	0	0	1006	693	1452	913	0.8004	0.0595	0.0869	-0.5878	
737756.196229708	0	0	1	12	-4	-329	125	1065	0	0	0	405	1322	3350	334	-0.8189	-0.1367	-0.0977	0.5461	1	3	0	-4	-186	6	950	0	0	0	1096	543	1182	895	0.797	0.0638	0.0704	-0.5949	
737756.196230252	0	0	-15	16	-12	-265	80	1108	0	0	0	286	1202	3410	334	-0.8213	-0.1266	-0.078	0.5476	1	0	-1	0	-180	-12	949	0	0	0	976	543	1332	878	0.7906	0.0553	0.0788	-0.6032	
737756.196230796	0	0	-24	29	5	-360	130	1227	0	0	0	525	1412	3260	335	-0.8263	-0.1111	-0.1113	0.538	1	0	-1	-1	-189	3	946	0	0	0	1036	513	1362	856	0.7881	0.059	0.0745	-0.6068	
737756.196231223	0	0	-24	29	5	-360	130	1227	0	0	0	525	1412	3260	335	-0.8263	-0.1111	-0.1113	0.538	1	0	-1	-1	-189	3	946	0	0	0	1036	513	1362	856	0.7881	0.059	0.0745	-0.6068	
737756.196231761	0	0	-24	29	5	-360	130	1227	0	0	0	525	1412	3260	335	-0.8263	-0.1111	-0.1113	0.538	1	0	-1	-1	-189	3	946	0	0	0	1036	513	1362	856	0.7881	0.059	0.0745	-0.6068	
737756.19623231	0	0	-24	29	5	-360	130	1227	0	0	0	525	1412	3260	335	-0.8263	-0.1111	-0.1113	0.538	1	0	-1	-1	-189	3	946	0	0	0	1036	513	1362	856	0.7881	0.059	0.0745	-0.6068	
737756.196232845	0	0	-78	108	2	-425	0	1162	0	0	0	840	2266	2466	346	-0.8745	-0.0962	-0.1716	0.4394	1	-1	-3	-2	-186	2	950	0	0	0	1006	573	1362	755	0.7894	0.0597	0.0756	-0.6048	
737756.196233388	0	0	-61	142	11	-492	-45	1081	0	0	0	1065	2491	2211	347	-0.8889	-0.088	-0.2152	0.3906	1	0	0	-4	-178	-18	967	0	0	0	991	678	1407	740	0.7923	0.0611	0.0878	-0.5988	
737756.196233932	0	0	-98	133	8	-550	-55	804	0	0	0	1064	2850	1912	348	-0.8834	-0.0906	-0.2958	0.349	1	2	0	-1	-186	3	943	0	0	0	961	558	1317	729	0.799	0.0594	0.0767	-0.5921	
737756.196234372	0	0	-74	120	34	-527	-181	585	0	0	0	1229	2985	1417	348	-0.8629	-0.0359	-0.3799	0.3284	1	0	-1	-1	-189	14	956	0	0	0	1006	483	1452	722	0.7915	0.0583	0.0677	-0.6028	
737756.196234916	0	0	-53	138	24	-680	-56	508	0	0	0	1304	3120	893	349	-0.8507	-0.0822	-0.434	0.2815	1	0	-1	1	-171	12	946	0	0	0	946	573	1362	714	0.797	0.0597	0.067	-0.5957	
737756.196235634	0	0	-71	156	15	-656	-131	52	0	0	0	1125	3516	271	352	-0.7698	-0.07	-0.5846	0.2424	1	-1	-3	-4	-177	-1	944	0	0	0	1096	453	1392	697	0.792	0.0486	0.0691	-0.6031	
737756.196236181	0	0	-68	145	16	-659	-165	-282	0	0	0	1185	3456	-117	352	-0.7	-0.068	-0.6768	0.2126	1	-2	-1	-3	-172	8	959	0	0	0	1006	603	1452	700	0.7922	0.0633	0.0725	-0.601	
737756.196236722	0	0	-75	102	28	-751	-41	-557	0	0	0	1050	3411	-792	353	-0.6088	-0.0723	-0.7714	0.1647	1	0	-1	-4	-177	-1	944	0	0	0	976	543	1422	698	0.7852	0.0601	0.0765	-0.61	
737756.196237266	0	0	-23	34	17	-817	-88	-698	0	0	0	945	3486	-1107	353	-0.5393	-0.0773	-0.8278	0.1271	1	-2	-1	-2	-169	-2	948	0	0	0	991	408	1407	696	0.7862	0.0458	0.065	-0.6114	
737756.196237809	0	0	25	-45	17	-881	-76	-416	0	0	0	1125	3336	-1077	352	-0.5442	-0.0851	-0.823	0.1317	1	-1	-2	0	-171	-6	964	0	0	0	1006	513	1332	695	0.7874	0.0507	0.0712	-0.6088	
737756.196238344	0	0	40	-72	36	-775	-105	-271	0	0	0	900	3471	-762	352	-0.6015	-0.0963	-0.7755	0.1607	1	1	-1	0	-172	-15	953	0	0	0	1036	573	1362	690	0.7921	0.0492	0.0772	-0.602	
737756.196238888	0	0	7	-121	27	-814	5	-438	0	0	0	915	3695	-477	350	-0.6054	-0.1117	-0.7724	0.1505	1	0	-1	2	-176	8	931	0	0	0	1111	438	1287	686	0.7855	0.052	0.0685	-0.6114	
737756.19623943	0	0	67	-156	-12	-723	94	-276	0	0	0	945	3695	-207	350	-0.6326	-0.1463	-0.7469	0.1371	1	-2	-1	3	-188	25	962	0	0	0	1111	468	1407	679	0.7731	0.0661	0.065	-0.6261	
737756.196239856	0	0	109	-161	-18	-580	115	121	0	0	0	855	3725	391	349	-0.7206	-0.1806	-0.6443	0.1715	1	-1	0	1	-171	25	940	0	0	0	1036	453	1362	675	0.769	0.0667	0.0601	-0.6316	
737756.196240345	0	0	65	-214	-40	-487	8	509	0	0	0	840	3411	1006	349	-0.8037	-0.1703	-0.5216	0.2226	1	-3	0	0	-152	-3	944	0	0	0	976	573	1452	670	0.7821	0.0552	0.0685	-0.6154	
737756.196241073	0	0	33	-201	-44	-487	-25	917	0	0	0	915	3006	1651	350	-0.8975	-0.1079	-0.289	0.3095	1	-1	0	0	-194	-7	947	0	0	0	916	603	1452	665	0.7912	0.0633	0.0831	-0.601	
737756.196241616	0	0	93	-159	-59	-404	22	1289	0	0	0	987	2530	2324	348	-0.9249	-0.0712	-0.143	0.3399	1	1	0	0	-187	-7	959	0	0	0	871	528	1467	662	0.7963	0.0522	0.0758	-0.5964	
737756.196242159	0	0	25	-164	-28	-358	-102	1281	0	0	0	822	2035	2669	346	-0.9421	-0.0249	-0.104	0.3127	1	0	0	0	-170	30	942	0	0	0	1006	453	1392	654	0.7931	0.06	0.0558	-0.602	
737756.196242695	0	0	54	-121	-18	-439	63	1350	0	0	0	762	1706	2938	345	-0.9362	-0.0637	-0.1164	0.321	1	-2	0	1	-189	8	951	0	0	0	886	483	1512	646	0.7801	0.0648	0.0749	-0.6162	
737756.196243424	0	0	85	-38	19	-361	151	1191	0	0	0	575	1399	3175	344	-0.9291	-0.0857	-0.103	0.3401	1	0	0	2	-180	-18	939	0	0	0	1096	513	1422	636	0.777	0.0501	0.0791	-0.6211	
737756.196243966	0	0	96	18	-15	-294	279	1719	0	0	0	425	1070	3385	344	-0.9145	-0.0981	-0.0458	0.3857	1	1	-1	5	-147	-23	991	0	0	0	1051	558	1317	631	0.7943	0.0396	0.0693	-0.6009	
737756.19624451	0	0	-48	-9	0	-272	296	1169	0	0	0	365	1189	3385	344	-0.899	-0.137	-0.0474	0.4102	1	9	1	0	-151	0	956	0	0	0	946	603	1482	625	0.8008	0.0559	0.0686	-0.5904	
737756.196245228	0	0	-2	-8	-5	-173	-25	871	0	0	0	515	1189	3445	343	-0.893	-0.0872	-0.0908	0.4281	1	2	0	0	-207	31	923	0	0	0	946	513	1272	607	0.798	0.0726	0.0737	-0.5922	
737756.196245775	0	0	-6	-7	-3	-252	203	1043	0	0	0	485	1339	3325	341	-0.8904	-0.1189	-0.0678	0.4301	1	0	1	5	-178	39	952	0	0	0	961	528	1407	591	0.7933	0.0682	0.0596	-0.6004	
737756.19624634	0	0	-1	-5	6	-291	53	1001	0	0	0	410	1204	3340	339	-0.8724	-0.0838	-0.1127	0.4649	1	1	-1	0	-174	51	967	0	0	0	931	648	1407	571	0.7943	0.0858	0.0632	-0.5962	
737756.196246884	0	0	-1	1	0	-332	135	1069	0	0	0	425	1129	3295	338	-0.8624	-0.1138	-0.0969	0.4807	1	1	-2	0	-151	5	926	0	0	0	1006	633	1452	561	0.8015	0.0537	0.0638	-0.5905	
737756.196247428	0	0	-13	0	2	-318	108	984	0	0	0	470	1174	3250	335	-0.8598	-0.1087	-0.0999	0.4858	1	0	0	0	-194	-14	963	0	0	0	1006	573	1392	555	0.7999	0.0501	0.0818	-0.5909	
737756.196247972	0	0	-11	-5	-1	-297	55	932	0	0	0	425	1189	3385	335	-0.8477	-0.082	-0.1105	0.5091	1	2	2	8	-190	-8	956	0	0	0	916	543	1422	539	0.8013	0.0515	0.0785	-0.5894	
737756.196248515	0	0	2	0	0	-287	78	1001	0	0	0	560	1174	3460	335	-0.844	-0.1039	-0.0982	0.5141	1	10	-1	12	-199	29	957	0	0	0	1021	558	1497	505	0.8018	0.068	0.0706	-0.5874	
737756.196249059	0	0	-2	2	0	-290	66	1013	0	0	0	485	1100	3325	334	-0.8378	-0.0859	-0.0895	0.5284	1	-8	23	-8	-181	49	986	0	0	0	901	648	1497	437	0.8032	0.0911	0.0465	-0.5843	
737756.196249594	0	0	-8	0	2	-300	76	968	0	0	0	470	1174	3250	333	-0.8287	-0.0983	-0.1104	0.5378	1	6	30	-3	-191	-118	963	0	0	0	976	753	1272	392	0.7997	0.0755	0.0897	-0.586	
737756.19625032	0	0	6	2	3	-273	88	966	0	0	0	515	1219	3325	333	-0.8224	-0.1008	-0.0734	0.5519	1	-30	-53	6	-196	54	891	0	0	0	1021	858	1347	383	0.8087	0.1038	0.0911	-0.5688	
737756.196250865	0	0	8	0	1	-303	96	1000	0	0	0	350	1294	3250	333	-0.8179	-0.1246	-0.0797	0.5529	1	-3	-28	0	-84	-61	1096	0	0	0	976	663	1362	383	0.8235	0.0148	0.0534	-0.5624	
737756.196251409	0	0	-4	0	1	-313	124	1015	0	0	0	425	1279	3265	333	-0.8148	-0.1333	-0.0908	0.5541	1	5	15	3	-197	39	999	0	0	0	946	543	1392	383	0.8219	0.0603	0.0674	-0.5606	
737756.196251941	0	0	-8	-1	-3	-309	102	996	0	0	0	380	1234	3370	333	-0.8071	-0.1298	-0.0972	0.5651	1	5	9	8	-226	24	913	0	0	0	976	693	1422	383	0.8166	0.079	0.0916	-0.5627	
737756.196252486	0	0	-11	-6	-2	-299	99	955	0	0	0	545	1219	3355	331	-0.8041	-0.1114	-0.0761	0.5762	1	-4	-4	3	-174	38	919	0	0	0	841	708	1437	383	0.8188	0.0674	0.0662	-0.5644	
737756.196253022	0	0	7	1	0	-281	65	976	0	0	0	500	1204	3400	334	-0.7977	-0.119	-0.1006	0.5801	1	-9	-2	4	-184	14	938	0	0	0	856	723	1332	383	0.8379	0.0589	0.0808	-0.5349	
737756.196253446	0	0	0	-4	0	-276	76	1012	0	0	0	380	1025	3430	332	-0.7955	-0.1177	-0.0909	0.5855	1	-3	-3	2	-179	36	973	0	0	0	976	783	1362	383	0.8314	0.0732	0.0713	-0.5441	
737756.19625399	0	0	-2	0	2	-286	87	1004	0	0	0	440	1414	3340	333	-0.7978	-0.1155	-0.0883	0.5823	1	2	3	0	-177	6	972	0	0	0	916	753	1392	383	0.8321	0.0631	0.0815	-0.5432	
737756.196254534	0	0	3	2	3	-303	100	986	0	0	0	530	1174	3220	333	-0.7951	-0.1351	-0.0756	0.5843	1	4	1	-2	-199	8	936	0	0	0	901	738	1422	383	0.8298	0.067	0.0903	-0.5449	
737756.196255078	0	0	-1	-1	1	-301	101	989	0	0	0	620	1114	3370	332	-0.7889	-0.1292	-0.0923	0.5913	1	26	8	-1	-71	-57	1102	0	0	0	931	678	1437	390	0.8408	0.0074	0.0494	-0.5365	
737756.196255613	0	0	-3	-1	0	-305	109	993	0	0	0	455	1189	3355	333	-0.7887	-0.1334	-0.0939	0.5902	1	-73	-16	-6	-88	56	1005	0	0	0	946	633	1362	483	0.845	0.0397	0.0234	-0.531	
737756.196256161	0	0	0	2	1	-283	76	991	0	0	0	575	1189	3325	332	-0.7918	-0.107	-0.0835	0.5926	1	0	-16	-14	-184	-65	954	0	0	0	976	603	1572	579	0.8359	0.0181	0.0858	-0.5397	
737756.196256883	0	0	-6	-3	0	-297	97	964	0	0	0	485	1070	3475	332	-0.7895	-0.1092	-0.0731	0.5966	1	-1	-3	-7	-178	136	962	0	0	0	946	603	1422	761	0.8242	0.089	0.0384	-0.5559	
737756.196257274	0	0	0	-1	0	-301	97	981	0	0	0	395	1129	3295	332	-0.783	-0.1285	-0.0883	0.5996	1	-8	5	5	-264	-100	950	0	0	0	1081	498	1317	799	0.8129	0.0715	0.0844	-0.5693	
737756.196257693	0	0	-2	0	1	-293	86	997	0	0	0	440	1085	3370	332	-0.7838	-0.1235	-0.0904	0.5993	1	5	-9	7	-225	20	902	0	0	0	1096	573	1332	854	0.8044	0.0507	0.1026	-0.5808	
737756.196258237	0	0	-6	-1	-1	-321	85	1040	0	0	0	515	1219	3415	333	-0.7785	-0.1254	-0.1076	0.6031	1	6	-8	-4	-239	-44	968	0	0	0	901	648	1407	871	0.8068	0.0537	0.0873	-0.5794	
737756.196258781	0	0	-12	8	-3	-309	129	1165	0	0	0	530	1174	3340	334	-0.7874	-0.1117	-0.0636	0.6	1	0	2	7	-189	5	946	0	0	0	1051	528	1377	864	0.8038	0.0523	0.0718	-0.5865	
737756.196259324	0	0	-34	32	-10	-325	173	1338	0	0	0	515	1249	3265	335	-0.7934	-0.1186	-0.0625	0.5908	1	2	0	-5	-154	9	942	0	0	0	901	588	1407	850	0.8035	0.0511	0.0632	-0.588	
737756.196259859	0	0	-28	75	-1	-304	144	1539	0	0	0	515	1339	3235	338	-0.8249	-0.1196	-0.0777	0.5439	1	-3	-1	1	-172	-7	941	0	0	0	1141	618	1287	828	0.8053	0.0497	0.0758	-0.5844	
737756.196260587	0	0	-89	101	6	-374	84	1376	0	0	0	859	1684	3070	341	-0.8593	-0.1032	-0.1062	0.4864	1	0	-3	-1	-184	-23	977	0	0	0	886	663	1362	794	0.8076	0.0542	0.0853	-0.5787	
737756.196261131	0	0	-81	129	2	-449	-53	1185	0	0	0	1114	1969	2545	344	-0.8666	-0.0731	-0.1865	0.4548	1	-1	-1	1	-158	11	955	0	0	0	1051	588	1377	779	0.808	0.0526	0.0633	-0.5819	
737756.196261674	0	0	-73	146	11	-437	-73	1017	0	0	0	1039	2374	2231	345	-0.8976	-0.0522	-0.216	0.3773	1	0	0	-1	-137	17	966	0	0	0	1021	468	1287	756	0.8025	0.0454	0.0495	-0.5915	
737756.196262215	0	0	-76	160	10	-412	-81	821	0	0	0	1174	2718	1886	346	-0.9093	-0.0417	-0.2502	0.3268	1	0	0	0	-171	-27	951	0	0	0	961	618	1437	723	0.8073	0.045	0.0855	-0.5806	
737756.196262936	0	0	-70	179	0	-556	-131	500	0	0	0	1269	3153	1150	346	-0.8632	-0.0263	-0.412	0.2873	1	6	-4	2	-168	9	959	0	0	0	1096	453	1332	706	0.8043	0.046	0.0605	-0.5878	
737756.196263341	0	0	-83	171	-11	-575	-88	431	0	0	0	1314	3168	746	347	-0.8437	-0.0287	-0.4586	0.2736	1	4	-3	-1	-141	35	953	0	0	0	901	528	1437	696	0.8059	0.0586	0.047	-0.5858	
737756.196263896	0	0	-107	193	-24	-615	-70	104	0	0	0	1552	3098	82	348	-0.781	-0.0602	-0.5763	0.2289	1	3	-1	-7	-123	39	957	0	0	0	1051	588	1317	681	0.8049	0.0572	0.0422	-0.5875	
737756.196264432	0	0	-115	147	2	-599	-148	-495	0	0	0	1417	3053	-652	350	-0.6817	-0.0252	-0.7035	0.1942	1	-3	-2	-7	-176	8	949	0	0	0	901	468	1527	678	0.7996	0.048	0.0633	-0.5935	
737756.196264976	0	0	-54	114	2	-685	-99	-683	0	0	0	1432	2888	-1146	352	-0.5973	-0.0186	-0.7835	0.1639	1	-6	-3	2	-175	-4	936	0	0	0	1021	588	1377	679	0.7944	0.0572	0.0782	-0.5982	
737756.196265526	0	0	-54	5	21	-722	-138	-760	0	0	0	1357	2993	-1431	353	-0.5226	-0.0111	-0.8418	0.1276	1	-2	0	-1	-147	21	980	0	0	0	976	633	1362	678	0.7933	0.0635	0.0597	-0.6004	
737756.196266061	0	0	37	-39	25	-898	-82	-493	0	0	0	1372	2858	-1356	352	-0.5187	-0.0289	-0.8444	0.1241	1	0	0	0	-153	-20	938	0	0	0	946	573	1482	681	0.7965	0.0455	0.0774	-0.5964	
737756.196266605	0	0	31	-64	7	-874	-149	-261	0	0	0	1252	3038	-1266	351	-0.579	-0.0407	-0.7993	0.1501	1	0	-1	-1	-164	-18	963	0	0	0	976	453	1482	678	0.7955	0.0361	0.0672	-0.5995	
737756.196267149	0	0	31	-77	2	-785	-182	-346	0	0	0	1282	3038	-907	350	-0.5899	-0.039	-0.7866	0.1732	1	4	0	0	-162	-8	955	0	0	0	1006	603	1482	675	0.7977	0.0525	0.0718	-0.595	
737756.196267693	0	0	68	-98	-7	-721	-195	-252	0	0	0	1222	3038	-667	348	-0.5948	-0.0377	-0.777	0.1985	1	4	0	-2	-167	42	927	0	0	0	1126	573	1362	671	0.8008	0.0679	0.0566	-0.5909	
737756.196268236	0	0	94	-132	-7	-638	-178	83	0	0	0	1252	3338	-277	348	-0.6679	-0.0388	-0.6983	0.2485	1	-2	-2	-1	-154	54	947	0	0	0	931	558	1407	671	0.794	0.0769	0.0506	-0.5995	
737756.196268772	0	0	92	-129	0	-660	-93	183	0	0	0	1447	3323	397	349	-0.737	-0.0646	-0.6086	0.2826	1	-6	0	-2	-147	15	957	0	0	0	931	498	1467	671	0.7939	0.0529	0.0575	-0.6017	
737756.196269268	0	0	79	-167	-6	-534	-135	334	0	0	0	1237	2993	816	350	-0.8063	-0.0747	-0.4924	0.3144	1	-3	0	-1	-161	-30	961	0	0	0	1066	453	1332	675	0.7897	0.0348	0.0727	-0.6067	
737756.196269811	0	0	109	-164	-10	-580	22	892	0	0	0	1147	2933	1506	351	-0.8768	-0.1158	-0.3139	0.3402	1	1	0	0	-166	-10	962	0	0	0	1051	528	1317	668	0.7895	0.0494	0.073	-0.6059	
737756.196270356	0	0	104	-137	7	-720	78	1051	0	0	0	1192	2708	1882	349	-0.9003	-0.1262	-0.2263	0.3464	1	-1	0	1	-161	-7	961	0	0	0	1006	513	1452	667	0.785	0.0479	0.0684	-0.6124	
737756.196270902	0	0	32	-167	-38	-665	65	1199	0	0	0	802	2528	2452	349	-0.8967	-0.1198	-0.2028	0.3716	1	0	0	0	-164	41	946	0	0	0	976	483	1422	662	0.7929	0.0646	0.0525	-0.6022	
737756.196271444	0	0	74	-96	-3	-522	-87	1299	0	0	0	697	2033	2736	351	-0.9046	-0.0612	-0.1761	0.3796	1	-5	-1	-3	-150	12	956	0	0	0	976	543	1512	657	0.7961	0.0516	0.0596	-0.5985	
737756.196271987	0	0	29	-110	-9	-565	110	1164	0	0	0	547	1733	2976	352	-0.8902	-0.1191	-0.1734	0.4014	1	-7	1	0	-144	6	966	0	0	0	1006	483	1542	658	0.7928	0.0461	0.0565	-0.6037	
737756.196272522	0	0	32	-84	-17	-345	19	1134	0	0	0	759	1618	3181	352	-0.8858	-0.0694	-0.119	0.4392	1	-2	-1	-3	-152	-36	956	0	0	0	1186	453	1362	662	0.7885	0.0308	0.0695	-0.6088	
737756.19627325	0	0	67	8	-13	-269	5	1601	0	0	0	639	1108	3331	350	-0.8719	-0.0473	-0.0758	0.4778	1	2	0	-2	-163	-26	955	0	0	0	826	453	1452	664	0.7917	0.0428	0.0764	-0.6031	
737756.196273793	0	0	-46	-18	21	-280	82	972	0	0	0	459	1258	3271	348	-0.8728	-0.1012	-0.1069	0.4623	1	0	0	-1	-178	-17	956	0	0	0	961	408	1407	660	0.7848	0.042	0.0715	-0.6127	
737756.196274337	0	0	2	-21	11	-307	-14	781	0	0	0	534	1183	3226	347	-0.8579	-0.0661	-0.1454	0.4847	1	0	-1	1	-161	41	941	0	0	0	1006	423	1452	658	0.7823	0.0624	0.0494	-0.6163	
737756.19627473	0	0	19	0	6	-372	99	1093	0	0	0	462	1215	3259	346	-0.8567	-0.1064	-0.1045	0.4902	1	0	-2	-3	-166	24	957	0	0	0	1006	453	1392	652	0.78	0.0613	0.0562	-0.6189	
737756.196275426	0	0	-3	0	13	-379	144	937	0	0	0	417	1305	3319	346	-0.8426	-0.1431	-0.1064	0.5049	1	-1	0	2	-157	-9	975	0	0	0	1006	603	1362	652	0.7904	0.0504	0.0706	-0.6049	
737756.19627597	0	0	0	-11	0	-332	107	1001	0	0	0	343	1170	3184	345	-0.8221	-0.1214	-0.0981	0.5443	1	1	-1	-1	-171	-20	943	0	0	0	961	438	1227	650	0.7804	0.0459	0.0737	-0.6177	
737756.196276513	0	0	-7	-7	7	-291	-35	1055	0	0	0	402	1230	3393	344	-0.8189	-0.0589	-0.1193	0.5552	1	-2	-1	2	-157	-18	954	0	0	0	1066	483	1392	641	0.7817	0.0435	0.0704	-0.6168	
737756.19627705	0	0	-3	-6	8	-349	129	935	0	0	0	373	1170	3214	343	-0.8211	-0.1233	-0.1127	0.5429	1	0	-2	0	-160	5	957	0	0	0	1141	408	1407	636	0.7769	0.0485	0.0575	-0.6238	
737756.196277592	0	0	4	-3	0	-292	92	1023	0	0	0	447	1215	3379	344	-0.8168	-0.1199	-0.0974	0.5527	1	-1	0	0	-151	14	956	0	0	0	856	393	1482	627	0.7775	0.0496	0.0519	-0.623	
737756.196278318	0	0	0	-1	1	-348	119	977	0	0	0	313	1260	3364	341	-0.8102	-0.1403	-0.0871	0.5597	1	-2	-1	1	-164	0	961	0	0	0	1021	408	1407	610	0.7809	0.0462	0.0622	-0.6183	
737756.196278862	0	0	-8	1	-3	-334	79	1008	0	0	0	283	1290	3334	338	-0.8027	-0.1218	-0.0926	0.5746	1	-2	6	4	-197	-34	950	0	0	0	1081	498	1377	542	0.7743	0.0506	0.0885	-0.6231	
737756.196279406	0	0	-17	0	-3	-338	68	956	0	0	0	328	1185	3379	335	-0.7972	-0.1126	-0.1092	0.5799	1	-23	17	0	-132	2	964	0	0	0	871	618	1437	461	0.7898	0.0526	0.0679	-0.6053	
737756.196279948	0	0	1	-2	-1	-330	48	980	0	0	0	343	1260	3274	332	-0.7927	-0.1235	-0.1206	0.5823	1	-26	15	7	-108	-127	1038	0	0	0	901	498	1317	409	0.7997	0.0058	0.0823	-0.5924	
737756.196280393	0	0	-12	-8	0	-317	62	1055	0	0	0	358	1275	3349	333	-0.7947	-0.1232	-0.1079	0.5819	1	0	-27	2	-164	151	723	0	0	0	1096	663	1332	383	0.8095	0.0503	0.1063	-0.5721	
737756.196280868	0	0	-12	6	9	-315	33	972	0	0	0	552	1080	3364	333	-0.795	-0.0872	-0.1065	0.5879	1	-60	-19	-14	-187	48	900	0	0	0	1126	663	1302	383	0.8097	0.0709	0.0719	-0.5765	
737756.196281408	0	0	-1	-1	6	-347	67	920	0	0	0	417	1245	3319	334	-0.7904	-0.1328	-0.1222	0.583	1	-17	-4	14	-117	-166	997	0	0	0	1320	558	1167	383	0.7984	-0.0276	0.1027	-0.5911	
737756.196281952	0	0	-5	-3	-2	-341	46	999	0	0	0	432	1200	3214	333	-0.7848	-0.1067	-0.1083	0.5979	1	17	-12	1	-177	-102	1013	0	0	0	1186	453	1092	383	0.7995	0.0017	0.0948	-0.5917	
737756.196282495	0	0	-2	-3	0	-334	34	966	0	0	0	432	1170	3304	333	-0.7805	-0.117	-0.1236	0.5993	1	24	7	0	-153	-111	997	0	0	0	1186	423	1362	383	0.795	-0.0016	0.0858	-0.5991	
737756.196283032	0	0	-1	-2	-1	-318	40	1004	0	0	0	432	1290	3214	333	-0.7816	-0.1192	-0.1156	0.5987	1	9	2	2	-180	-34	894	0	0	0	1201	498	1227	383	0.8007	0.0403	0.0865	-0.5899	
737756.196283584	0	0	-2	0	2	-302	22	953	0	0	0	432	1260	3364	333	-0.7833	-0.0895	-0.1089	0.6025	1	15	-8	1	-144	-57	951	0	0	0	1186	633	1182	383	0.8007	0.0288	0.0825	-0.5912	
737756.196284303	0	0	-1	0	3	-348	58	980	0	0	0	672	1170	3274	333	-0.7799	-0.1184	-0.1219	0.6002	1	32	-2	-2	-111	-29	1063	0	0	0	1036	633	1302	383	0.809	0.0357	0.058	-0.5822	
737756.196284847	0	0	0	0	1	-323	48	963	0	0	0	492	1260	3154	333	-0.7796	-0.127	-0.1198	0.599	1	-41	17	7	-253	184	799	0	0	0	1006	543	1362	446	0.805	0.0842	0.0579	-0.582	
737756.196285391	0	0	5	1	1	-341	67	983	0	0	0	417	1335	3289	333	-0.7824	-0.1098	-0.1068	0.6016	1	2	-9	-16	-166	-107	996	0	0	0	1081	618	1347	546	0.8059	0.0095	0.1007	-0.5818	
737756.196285935	0	0	0	2	1	-331	54	989	0	0	0	417	1260	3334	333	-0.782	-0.1082	-0.102	0.6024	1	-12	0	-11	-127	-54	977	0	0	0	1156	453	1362	666	0.797	0.0129	0.0714	-0.5979	
737756.196286351	0	0	0	0	2	-351	59	982	0	0	0	95	1266	3366	333	-0.7744	-0.1269	-0.1127	0.6071	1	-13	4	-5	-149	-83	946	0	0	0	1201	558	1257	732	0.7953	0.0132	0.0914	-0.5978	
737756.196286822	0	0	0	0	2	-351	59	982	0	0	0	95	1266	3366	333	-0.7744	-0.1269	-0.1127	0.6071	1	-13	4	-5	-149	-83	946	0	0	0	1201	558	1257	732	0.7953	0.0132	0.0914	-0.5978	
737756.196287544	0	0	-11	3	-2	-357	80	1088	0	0	0	-39	1251	3261	334	-0.7794	-0.1119	-0.1116	0.6038	1	5	-4	2	-239	-99	988	0	0	0	1156	543	1212	1001	0.7922	0.032	0.1059	-0.5984	
737756.196288088	0	0	-24	30	-3	-319	88	1343	0	0	0	-9	1341	3172	335	-0.792	-0.105	-0.0913	0.5916	1	6	0	0	-219	-74	959	0	0	0	1126	543	1302	1001	0.795	0.0283	0.0859	-0.5978	
737756.196288632	0	0	-33	77	3	-362	55	1511	0	0	0	80	1431	3082	339	-0.8163	-0.124	-0.1001	0.552	1	0	2	0	-202	-37	941	0	0	0	1051	498	1197	944	0.7986	0.0419	0.0838	-0.5927	
737756.196289167	0	0	-63	108	7	-435	103	1330	0	0	0	20	1611	2962	339	-0.8418	-0.1427	-0.1324	0.5003	1	-3	0	3	-181	-48	931	0	0	0	1290	528	1257	906	0.7952	0.0299	0.0879	-0.5978	
737756.196289893	0	0	-57	98	11	-492	56	1041	0	0	0	395	2106	2557	339	-0.8679	-0.1401	-0.1984	0.4301	1	0	-2	-2	-169	-37	963	0	0	0	1186	543	1302	836	0.7975	0.0354	0.0786	-0.5957	
737756.196290439	0	0	-31	120	11	-609	-29	975	0	0	0	350	2301	2332	340	-0.8638	-0.1259	-0.2729	0.402	1	-2	-2	-1	-159	-33	932	0	0	0	1021	528	1347	817	0.7977	0.0364	0.0785	-0.5954	
737756.19629098	0	0	-59	116	-8	-510	-70	858	0	0	0	524	2620	2077	341	-0.8879	-0.0888	-0.274	0.3552	1	-3	1	-1	-159	-33	954	0	0	0	1111	558	1257	801	0.7964	0.0369	0.0784	-0.5971	
737756.196291517	0	0	-72	124	0	-514	-182	611	0	0	0	479	2815	1582	343	-0.8802	-0.0421	-0.3631	0.2992	1	1	-2	0	-182	-56	941	0	0	0	1171	438	1227	767	0.7933	0.0268	0.0888	-0.6002	
737756.19629194	0	0	-63	127	5	-535	-164	527	0	0	0	779	2965	1282	344	-0.8709	-0.0281	-0.4079	0.2695	1	4	-3	1	-173	-52	949	0	0	0	1156	453	1362	755	0.7909	0.0277	0.0855	-0.6037	
737756.196292405	0	0	-87	113	8	-614	-207	375	0	0	0	779	3055	982	344	-0.837	-0.0062	-0.4885	0.2427	1	2	-2	0	-158	-53	965	0	0	0	1171	438	1287	738	0.7917	0.0271	0.0747	-0.6042	
737756.196292948	0	0	-104	87	17	-739	-188	223	0	0	0	853	3159	460	343	-0.7916	0.0059	-0.5774	0.1954	1	4	-3	0	-138	-36	960	0	0	0	1171	498	1227	711	0.7957	0.0297	0.0685	-0.5996	
737756.196293492	0	0	-82	83	11	-755	-282	44	0	0	0	763	3309	100	342	-0.7412	0.0401	-0.6484	0.1637	1	6	-8	-5	-148	-2	945	0	0	0	1051	528	1227	715	0.7897	0.0467	0.0665	-0.6064	
737756.196294036	0	0	-37	100	32	-757	-197	-118	0	0	0	823	3369	-139	343	-0.6938	0.0447	-0.7036	0.1407	1	-4	-1	-5	-180	-29	953	0	0	0	1036	513	1302	738	0.7874	0.0462	0.0815	-0.6078	
737756.19629458	0	0	-45	46	26	-911	-60	-247	0	0	0	763	3189	-349	344	-0.6406	0.0247	-0.7602	0.0966	1	-3	1	-3	-177	-62	944	0	0	0	1096	393	1362	738	0.7758	0.0292	0.0861	-0.6229	
737756.196295117	0	0	-42	23	4	-908	-124	-200	0	0	0	599	3294	-694	344	-0.6279	0.0264	-0.7737	0.0689	1	1	-1	1	-130	-59	943	0	0	0	1156	393	1242	732	0.774	0.017	0.0735	-0.6273	
737756.196295659	0	0	7	9	15	-947	-140	-250	0	0	0	644	3309	-889	344	-0.6151	0.03	-0.7839	0.0677	1	2	0	-1	-154	-44	978	0	0	0	1021	498	1407	728	0.7814	0.0358	0.0791	-0.6165	
737756.196296202	0	0	22	-29	-8	-967	-138	60	0	0	0	539	3324	-724	344	-0.6741	0.0205	-0.7323	0.0785	1	0	0	0	-182	-50	952	0	0	0	1096	543	1422	730	0.7782	0.0409	0.0915	-0.6185	
737756.196296929	0	0	10	-13	0	-927	-213	13	0	0	0	659	3204	-604	344	-0.7288	0.037	-0.6737	0.1093	1	2	-2	1	-144	11	946	0	0	0	1156	453	1332	723	0.777	0.0495	0.0576	-0.6235	
737756.196297473	0	0	19	-50	-2	-915	-114	-176	0	0	0	674	3279	-589	344	-0.7012	0.0264	-0.7045	0.0969	1	0	0	-2	-154	2	963	0	0	0	1066	453	1212	726	0.7832	0.05	0.0612	-0.6153	
737756.196297905	0	0	28	-61	-7	-812	-140	-233	0	0	0	629	3264	-334	344	-0.6861	0.0224	-0.7193	0.0978	1	-3	0	-3	-167	-33	936	0	0	0	1126	543	1212	719	0.7827	0.0456	0.0813	-0.6139	
737756.196298371	0	0	62	-103	-11	-763	-142	-290	0	0	0	704	3399	-199	344	-0.6676	0.02	-0.7353	0.1073	1	-1	-2	0	-153	-31	969	0	0	0	1186	453	1242	716	0.7793	0.0341	0.0732	-0.62	
737756.196299095	0	0	92	-120	-11	-630	-207	199	0	0	0	644	3189	490	345	-0.7691	0.0223	-0.6145	0.1673	1	-1	-1	-1	-149	-34	940	0	0	0	1051	558	1287	715	0.7863	0.04	0.078	-0.6102	
737756.196299637	0	0	50	-179	-10	-542	-144	547	0	0	0	719	3114	1044	346	-0.8665	0.0054	-0.4549	0.1966	1	1	-2	0	-154	-30	947	0	0	0	1111	348	1347	711	0.7817	0.0296	0.0696	-0.6175	
737756.196300181	0	0	109	-128	-4	-531	-185	757	0	0	0	689	2994	1434	347	-0.9242	0.0106	-0.3186	0.2018	1	-1	-1	1	-156	-12	948	0	0	0	1051	408	1377	704	0.7888	0.0378	0.0651	-0.6085	
737756.196300649	0	0	3	-143	-7	-520	-82	824	0	0	0	569	2545	1794	346	-0.9514	-0.0258	-0.2382	0.187	1	-1	-2	-3	-157	-13	958	0	0	0	991	438	1317	699	0.7867	0.042	0.0665	-0.611	
737756.196301192	0	0	69	-152	-17	-341	50	1070	0	0	0	464	2560	2019	346	-0.9657	-0.0165	-0.173	0.1838	1	1	0	0	-169	-41	965	0	0	0	1081	528	1407	689	0.7851	0.0389	0.0826	-0.611	
737756.196301922	0	0	58	-87	4	-417	53	1132	0	0	0	523	2047	2504	348	-0.975	-0.0399	-0.1301	0.1671	1	0	0	0	-147	-30	949	0	0	0	1126	393	1332	682	0.7719	0.0337	0.0676	-0.6299	
737756.196302462	0	0	24	-131	-16	-434	44	1314	0	0	0	283	1718	2923	347	-0.97	-0.0428	-0.1321	0.1917	1	2	0	0	-148	-44	938	0	0	0	1126	483	1362	675	0.7781	0.0323	0.077	-0.6213	
737756.196303007	0	0	38	-70	6	-427	107	1176	0	0	0	313	1388	2953	347	-0.9678	-0.0601	-0.1344	0.1973	1	1	0	0	-156	-18	946	0	0	0	1126	483	1422	671	0.7792	0.0428	0.0698	-0.6201	
737756.196303423	0	0	62	-47	-34	-346	-38	1387	0	0	0	118	1193	3088	346	-0.9634	-0.0242	-0.1188	0.2317	1	1	0	0	-165	-24	969	0	0	0	1126	633	1422	667	0.7769	0.0531	0.0799	-0.6205	
737756.196303982	0	0	88	43	3	-216	89	1642	0	0	0	-46	1088	3193	343	-0.9659	-0.0587	-0.0622	0.237	1	3	0	1	-152	-15	948	0	0	0	1171	528	1317	659	0.7794	0.0458	0.0704	-0.6195	
737756.196304525	0	0	-88	-37	12	-287	214	781	0	0	0	103	1149	3312	342	-0.9626	-0.1006	-0.0903	0.2285	1	0	-1	0	-153	-15	955	0	0	0	1081	408	1317	657	0.7811	0.0396	0.0628	-0.6187	
737756.196305067	0	0	22	-3	-4	-211	-162	953	0	0	0	-1	1314	3147	342	-0.9568	-0.02	-0.1378	0.2483	1	0	-2	-2	-166	-21	930	0	0	0	1036	423	1422	654	0.7807	0.0409	0.072	-0.6181	
737756.196305611	0	0	0	-6	7	-222	-21	1057	0	0	0	118	1134	3357	341	-0.9616	-0.0195	-0.1013	0.2474	1	0	0	1	-165	-47	974	0	0	0	1051	468	1407	652	0.7745	0.0361	0.0815	-0.6248	
737756.196306155	0	0	20	-1	13	-293	102	932	0	0	0	-76	1089	3342	340	-0.958	-0.0857	-0.1328	0.2336	1	0	1	0	-162	16	958	0	0	0	1051	528	1467	652	0.7813	0.0611	0.0623	-0.6167	
737756.196306698	0	0	-8	-6	-8	-299	136	1173	0	0	0	-151	1224	3177	339	-0.9567	-0.0959	-0.1073	0.2473	1	0	-1	-1	-153	-17	919	0	0	0	1126	483	1422	647	0.7851	0.0419	0.0672	-0.6129	
737756.196307241	0	0	-22	-1	1	-256	65	934	0	0	0	73	1149	3402	339	-0.9587	-0.0478	-0.1112	0.2505	1	-4	-2	1	-159	-34	956	0	0	0	1171	348	1437	641	0.7799	0.0278	0.0696	-0.62	
737756.196307786	0	0	-1	-2	-5	-258	32	914	0	0	0	-16	1239	3372	337	-0.9565	-0.0606	-0.1282	0.2484	1	2	-4	0	-161	-42	967	0	0	0	1126	513	1422	619	0.7804	0.0343	0.0782	-0.618	
737756.196308321	0	0	1	0	1	-236	26	1017	0	0	0	178	1074	3327	338	-0.9596	-0.0452	-0.1078	0.2494	1	7	1	5	-151	-23	987	0	0	0	1051	498	1227	579	0.7817	0.0431	0.0711	-0.6166	
737756.196308864	0	0	1	1	0	-268	53	1010	0	0	0	118	1074	3237	338	-0.9579	-0.0639	-0.1188	0.2474	1	5	19	1	-153	35	932	0	0	0	1171	438	1407	475	0.7835	0.0619	0.0484	-0.615	
737756.196309289	0	0	0	0	0	-267	60	1011	0	0	0	-31	1134	3177	335	-0.9594	-0.0439	-0.1081	0.2514	1	-26	33	26	-250	-32	917	0	0	0	1021	498	1317	417	0.7794	0.0602	0.1139	-0.6116	
737756.196309768	0	0	-7	-2	0	-259	58	1003	0	0	0	-31	1224	3267	335	-0.9585	-0.0421	-0.1156	0.251	1	-10	3	18	-237	-115	909	0	0	0	1036	663	1332	383	0.7915	0.03	0.1356	-0.5932	
737756.196310316	0	0	-4	-2	-1	-253	62	1014	0	0	0	28	1074	3297	335	-0.9577	-0.0664	-0.1133	0.2502	1	-13	-64	2	-185	-26	925	0	0	0	1036	423	1272	383	0.7963	0.0618	0.0877	-0.5929	
737756.196310854	0	0	-5	1	0	-263	46	1003	0	0	0	58	1224	3207	335	-0.9574	-0.0361	-0.1182	0.2552	1	2	8	-1	-156	-68	1061	0	0	0	1186	633	1422	390	0.8061	0.0167	0.063	-0.5859	
737756.196311398	0	0	-2	0	-1	-270	29	987	0	0	0	-1	1314	3327	335	-0.9569	-0.0346	-0.1276	0.253	1	-10	11	-11	-206	-14	915	0	0	0	1231	588	1287	383	0.8041	0.057	0.0825	-0.5844	
737756.196311941	0	0	0	0	0	-255	25	979	0	0	0	58	1134	3297	335	-0.9582	-0.058	-0.1215	0.2466	1	0	8	2	-200	-67	923	0	0	0	1006	693	1212	383	0.8039	0.0436	0.1136	-0.5802	
737756.196312485	0	0	4	0	1	-254	33	986	0	0	0	-31	1224	3267	335	-0.96	-0.0365	-0.1086	0.2495	1	-1	8	3	-220	-66	977	0	0	0	1126	603	1272	383	0.8025	0.0367	0.1071	-0.5843	
737756.196313029	0	0	-1	0	3	-265	65	1013	0	0	0	-76	1209	3342	335	-0.9588	-0.0687	-0.1173	0.2429	1	7	20	2	-157	-40	929	0	0	0	1141	648	1227	383	0.811	0.0357	0.0863	-0.5759	
737756.196313565	0	0	-1	-1	0	-291	73	1024	0	0	0	-46	1269	3252	335	-0.9569	-0.0702	-0.1253	0.2462	1	9	-2	2	-234	-47	919	0	0	0	1111	708	1167	383	0.8172	0.0479	0.1157	-0.561	
737756.196314295	0	0	-4	0	1	-252	56	980	0	0	0	43	1149	3492	334	-0.9579	-0.0397	-0.1152	0.2559	1	0	-6	0	-207	18	902	0	0	0	1126	813	1212	383	0.8236	0.0753	0.0912	-0.553	
737756.196314835	0	0	-2	-2	-3	-267	44	1002	0	0	0	13	1089	3372	335	-0.9564	-0.0461	-0.1143	0.2582	1	5	-1	-3	-216	-53	991	0	0	0	1081	708	1137	383	0.8205	0.0439	0.1029	-0.5589	
737756.196315252	0	0	-2	-1	0	-258	27	1014	0	0	0	-46	1149	3282	335	-0.9578	-0.0553	-0.106	0.255	1	7	-1	0	-219	-32	950	0	0	0	1156	783	1182	383	0.826	0.051	0.1058	-0.5496	
737756.196315761	0	0	-1	1	1	-250	34	987	0	0	0	103	1059	3282	335	-0.9582	-0.0393	-0.1101	0.2545	1	10	-6	-1	-213	-38	947	0	0	0	1051	618	1287	383	0.8233	0.0397	0.0963	-0.5563	
737756.196316305	0	0	-1	-2	1	-275	55	1004	0	0	0	-1	1194	3207	335	-0.9562	-0.0652	-0.1229	0.2513	1	24	3	-5	-104	-50	1051	0	0	0	1021	648	1227	391	0.8264	0.0172	0.0586	-0.558	
737756.196316848	0	0	0	0	0	-271	63	1033	0	0	0	73	1299	3132	335	-0.9583	-0.0447	-0.1072	0.2559	1	-35	-49	1	-69	34	752	0	0	0	916	633	1302	470	0.8338	0.0451	0.0268	-0.5476	
737756.196317384	0	0	-6	-1	-1	-274	70	1055	0	0	0	118	1104	3267	335	-0.9577	-0.0424	-0.1039	0.2583	1	9	-20	-5	-227	-50	948	0	0	0	1126	483	1212	652	0.8216	0.0266	0.0916	-0.5604	
737756.196317927	0	0	-16	5	-3	-268	76	1148	0	0	0	-91	1224	3237	335	-0.9559	-0.0699	-0.1145	0.2555	1	-6	-14	-14	-107	0	1002	0	0	0	1171	468	1317	752	0.8142	0.0341	0.0536	-0.575	
737756.196318654	0	0	-17	14	-7	-263	35	1166	0	0	0	43	1179	3252	335	-0.9576	-0.0433	-0.1028	0.2589	1	0	-4	-5	-76	-78	928	0	0	0	1036	573	1392	834	0.807	-0.0137	0.0838	-0.5816	
737756.196319198	0	0	-15	48	-4	-274	64	1328	0	0	0	148	1314	3177	338	-0.959	-0.0598	-0.0981	0.2526	1	-3	-7	1	-174	-147	947	0	0	0	1066	513	1332	865	0.8087	-0.0024	0.0918	-0.579	
737756.196319734	0	0	-43	79	-12	-291	58	1526	0	0	0	253	1359	3042	339	-0.9598	-0.0423	-0.091	0.2555	1	2	-6	0	-208	-40	978	0	0	0	1111	588	1257	859	0.8082	0.0336	0.0824	-0.5802	
737756.196320277	0	0	-42	134	-2	-395	73	1532	0	0	0	178	1584	2877	341	-0.9603	-0.0446	-0.1244	0.2385	1	7	0	-2	-191	-14	954	0	0	0	1126	483	1392	835	0.802	0.0394	0.0647	-0.5906	
737756.196321004	0	0	-137	165	3	-409	-82	1205	0	0	0	493	2259	2383	343	-0.9634	0.0038	-0.1832	0.1898	1	-2	-1	0	-136	14	931	0	0	0	991	408	1377	798	0.7862	0.0467	0.0501	-0.6128	
737756.196321515	0	0	-115	198	11	-342	-66	918	0	0	0	708	2646	1815	344	-0.9668	0.0111	-0.1921	0.1592	1	-4	-1	-1	-158	-10	962	0	0	0	1036	423	1362	767	0.7755	0.0448	0.0656	-0.6249	
737756.196322244	0	0	-78	232	18	-360	-139	534	0	0	0	933	3051	931	345	-0.938	0.0666	-0.3111	0.1306	1	2	0	1	-161	-29	978	0	0	0	1216	423	1332	760	0.7736	0.036	0.0718	-0.6272	
737756.196322786	0	0	-77	202	22	-490	-202	103	0	0	0	993	3290	153	346	-0.8622	0.1075	-0.4806	0.1099	1	2	-1	0	-132	15	968	0	0	0	1096	423	1392	749	0.7754	0.0481	0.0476	-0.6265	
737756.19632333	0	0	-87	202	15	-524	-180	-293	0	0	0	813	3110	-416	349	-0.7579	0.1373	-0.63	0.0875	1	-4	-1	-3	-146	14	938	0	0	0	1081	498	1347	748	0.7753	0.0586	0.0571	-0.6249	
737756.196323865	0	0	-83	168	2	-607	-213	-644	0	0	0	813	3110	-1106	351	-0.6605	0.1602	-0.7292	0.0646	1	-2	-1	-2	-156	-21	961	0	0	0	1006	453	1302	743	0.7777	0.0436	0.0709	-0.6216	
737756.196324592	0	0	-63	51	10	-678	-149	-833	0	0	0	631	2987	-1663	352	-0.5124	0.1956	-0.8345	0.0289	1	-3	-1	-2	-142	-42	951	0	0	0	1111	438	1347	742	0.7756	0.0294	0.0711	-0.6252	
737756.196325131	0	0	-11	-28	4	-765	-182	-758	0	0	0	541	2987	-1813	352	-0.4761	0.1961	-0.8562	0.0022	1	1	-1	-1	-138	-23	965	0	0	0	1126	453	1212	739	0.7811	0.0346	0.0652	-0.6187	
737756.196325679	0	0	15	-89	5	-748	-186	-510	0	0	0	601	3076	-1603	352	-0.4959	0.1906	-0.8462	-0.0052	1	2	0	1	-150	-20	956	0	0	0	1036	453	1332	730	0.7754	0.042	0.07	-0.6246	
737756.196326156	0	0	35	-101	13	-742	-141	-425	0	0	0	451	3196	-1543	351	-0.533	0.1797	-0.8257	-0.0088	1	0	-1	1	-163	12	945	0	0	0	1171	408	1377	726	0.77	0.0541	0.0596	-0.6316	
737756.196326579	0	0	26	-124	-2	-736	-82	-430	0	0	0	601	3376	-1154	349	-0.5584	0.1654	-0.8117	-0.0182	1	3	-2	2	-158	0	958	0	0	0	1156	423	1212	722	0.7678	0.0524	0.0631	-0.6341	
737756.196327137	0	0	74	-201	-23	-641	-163	-136	0	0	0	780	3436	-404	348	-0.6419	0.1621	-0.7477	-0.0054	1	0	0	-2	-146	15	940	0	0	0	991	378	1347	715	0.7668	0.0533	0.0527	-0.6362	
737756.196327682	0	0	120	-164	-13	-632	-84	368	0	0	0	705	3331	-29	350	-0.7549	0.1265	-0.6403	0.0233	1	-4	-2	-2	-123	-18	948	0	0	0	916	393	1422	709	0.7751	0.0317	0.0554	-0.6271	
737756.196328399	0	0	88	-187	-27	-514	-152	544	0	0	0	840	3077	919	349	-0.9009	0.0931	-0.4146	0.0655	1	3	0	0	-153	-27	974	0	0	0	1081	438	1377	705	0.7814	0.0344	0.0681	-0.618	
737756.196328941	0	0	91	-170	-22	-490	-97	928	0	0	0	795	2972	1504	349	-0.9582	0.0406	-0.2645	0.0824	1	0	-1	0	-147	22	940	0	0	0	1036	363	1302	699	0.7753	0.0512	0.0516	-0.626	
737756.196329487	0	0	53	-152	-39	-481	-58	913	0	0	0	511	2598	1848	350	-0.9659	0.0026	-0.2291	0.114	1	-3	0	-2	-148	1	956	0	0	0	1066	393	1422	696	0.7706	0.0473	0.0554	-0.6318	
737756.196330031	0	0	130	-154	-29	-382	-33	1192	0	0	0	600	2153	2351	352	-0.9773	-0.0121	-0.1406	0.1475	1	-2	0	-1	-163	-11	963	0	0	0	1126	423	1332	696	0.7702	0.0471	0.0652	-0.6314	
737756.196330574	0	0	76	-118	-36	-481	91	1603	0	0	0	330	1793	2621	350	-0.972	-0.0457	-0.1239	0.1854	1	1	-1	2	-131	-27	970	0	0	0	1036	453	1422	689	0.7678	0.0377	0.0653	-0.6348	
737756.19633111	0	0	30	-119	-15	-428	-43	1281	0	0	0	240	1553	2950	349	-0.9673	-0.0242	-0.1476	0.1977	1	2	-1	0	-133	-4	950	0	0	0	1021	468	1377	684	0.7708	0.0487	0.0606	-0.6308	
737756.196331836	0	0	89	6	-4	-355	-52	1652	0	0	0	239	1069	3044	350	-0.9698	-0.0205	-0.1043	0.2113	1	0	0	0	-141	0	972	0	0	0	976	213	1332	677	0.7658	0.037	0.0486	-0.6387	
737756.196332383	0	0	-31	-19	19	-283	95	1220	0	0	0	104	964	3329	348	-0.9709	-0.0419	-0.0925	0.2086	1	2	-2	-1	-144	-20	948	0	0	0	976	423	1482	679	0.7711	0.0413	0.0661	-0.6306	
737756.196332909	0	0	-7	-22	0	-267	-51	783	0	0	0	284	934	3209	347	-0.9615	0.0052	-0.1619	0.2161	1	0	0	-1	-155	-9	936	0	0	0	1081	468	1527	674	0.7675	0.0508	0.0655	-0.6341	
737756.196333457	0	0	13	-5	-5	-249	-17	1066	0	0	0	134	994	3359	347	-0.9691	-0.0201	-0.1088	0.2126	1	1	-2	-1	-161	7	958	0	0	0	976	453	1362	674	0.7664	0.0597	0.0644	-0.635	
737756.196334	0	0	4	0	8	-325	16	957	0	0	0	89	1009	3314	345	-0.9668	-0.0338	-0.1299	0.2101	1	0	0	0	-141	22	974	0	0	0	901	378	1227	662	0.7712	0.0563	0.0497	-0.6307	
737756.196334541	0	0	1	-8	-5	-374	83	1009	0	0	0	104	964	3239	345	-0.963	-0.0303	-0.1566	0.2088	1	-1	0	0	-146	0	940	0	0	0	1141	498	1437	652	0.7789	0.0488	0.06	-0.6209	
737756.196334951	0	0	2	1	-2	-337	-76	1076	0	0	0	-45	1024	3209	344	-0.9654	-0.0162	-0.1417	0.2111	1	-1	-2	0	-142	-17	952	0	0	0	1006	543	1362	633	0.7777	0.0485	0.0673	-0.6213	
737756.196335497	0	0	-5	-1	8	-161	-19	963	0	0	0	149	1069	3284	341	-0.971	-0.034	-0.1014	0.2056	1	3	-1	3	-159	-41	975	0	0	0	1081	348	1377	598	0.765	0.0319	0.0704	-0.638	
737756.196336039	0	0	7	6	8	-276	-140	948	0	0	0	134	904	3419	339	-0.967	0.0281	-0.1332	0.2069	1	12	4	12	-157	-13	971	0	0	0	1066	423	1302	539	0.7665	0.0475	0.0667	-0.6356	
737756.196336767	0	0	17	9	8	-246	39	980	0	0	0	89	979	3374	332	-0.9722	-0.0428	-0.1055	0.1958	1	1	10	7	-81	78	933	0	0	0	1081	528	1527	412	0.7666	0.0697	0.0148	-0.6365	
737756.196337311	0	0	25	11	2	-316	28	964	0	0	0	-150	1129	3314	332	-0.9654	-0.0455	-0.154	0.1982	1	-1	8	19	-246	21	920	0	0	0	946	393	1422	383	0.7728	0.0574	0.0832	-0.6245	
737756.196337741	0	0	6	-6	-4	-295	112	1031	0	0	0	-90	1039	3404	331	-0.9703	-0.0629	-0.1072	0.1991	1	-31	-17	12	-226	113	927	0	0	0	991	468	1347	383	0.7784	0.1024	0.0546	-0.6153	
737756.196338129	0	0	10	-19	5	-267	110	1028	0	0	0	-60	1159	3344	331	-0.9709	-0.0612	-0.0942	0.2039	1	-21	-21	8	-97	-26	982	0	0	0	916	543	1332	390	0.786	0.0344	0.057	-0.6123	
737756.196338517	0	0	0	11	-4	-297	137	1082	0	0	0	-165	1174	3299	332	-0.9669	-0.0843	-0.1103	0.2069	1	-12	6	2	-101	-13	1007	0	0	0	1066	393	1392	383	0.7989	0.0256	0.0415	-0.5978	
737756.196339244	0	0	-11	0	-2	-270	77	950	0	0	0	-210	1009	3374	331	-0.9666	-0.0503	-0.1155	0.2171	1	-14	6	-1	-159	-28	958	0	0	0	1021	408	1377	383	0.7931	0.0314	0.0705	-0.6026	
