1
737756.146382738	0	0	29	320	9	382	-27	900	0	0	0	447	-3112	-1082	350	0.1192	-0.4995	-0.0235	-0.8557	1	1	-7	0	52	-48	962	8.01	-13.47	15.34	0	0	0	574	0.2571	-0.0306	0.0138	-0.965	
737756.146383281	0	0	-3	244	0	112	244	1232	0	0	0	761	-2827	1540	348	0.1045	-0.0499	0.0307	-0.9918	1	0	-5	0	31	-75	963	7.41	-14.07	15.64	0	0	0	566	0.2572	-0.0347	0.0146	-0.9648	
737756.146383817	0	0	34	191	5	37	-324	1155	0	0	0	776	-2662	2124	347	0.1138	0.0175	0.0334	-0.9918	1	0	-5	0	75	-30	944	8.31	-14.37	16.24	0	0	0	569	0.2532	-0.0375	0.0116	-0.9658	
737756.146384359	0	0	-29	216	-18	-175	186	1357	0	0	0	837	-2295	2467	347	0.0997	0.0913	0.0433	-0.9888	1	-3	1	3	37	-93	945	7.26	-13.62	14.89	0	0	0	562	0.2527	-0.0363	0.0214	-0.9658	
737756.146385088	0	0	-17	84	-7	-259	-199	2116	0	0	0	957	-1636	2946	346	0.1231	0.1151	0.0492	-0.9834	1	2	-2	0	52	-40	944	8.46	-13.62	14.89	0	0	0	560	0.2524	-0.0329	0.0183	-0.966	
737756.146385631	0	0	-24	-22	32	-160	-61	1601	0	0	0	1227	-1546	3006	343	0.1552	0.0578	0.0444	-0.9843	1	-1	0	-6	23	-55	1028	7.11	-13.77	15.04	0	0	0	555	0.2498	-0.0257	0.0177	-0.9669	
737756.146386174	0	0	75	-5	-10	-52	-127	1350	0	0	0	1122	-1471	3171	339	0.1654	0.0229	0.0592	-0.9833	1	-2	-3	-2	57	-11	951	6.51	-15.27	15.04	0	0	0	547	0.2448	-0.03	0.0002	-0.9682	
737756.146386719	0	0	-23	-56	10	-95	229	1162	0	0	0	987	-1696	3216	338	0.1746	0.0242	-0.0153	-0.9831	1	4	-3	-4	68	-5	951	7.71	-14.37	15.04	0	0	0	538	0.2457	-0.0337	-0.0012	-0.9679	
737756.146387263	0	0	-15	-38	1	-30	-147	929	0	0	0	1122	-1891	2961	337	0.1898	-0.0002	0.059	-0.9792	1	-4	1	-1	81	-35	950	8.76	-13.92	15.19	0	0	0	534	0.2509	-0.0409	0.0059	-0.9663	
737756.146387807	0	0	17	-20	11	26	-36	931	0	0	0	1152	-1801	2811	335	0.2016	-0.0102	0.0145	-0.9784	1	17	-10	-1	86	-20	957	7.56	-12.72	14.59	0	0	0	519	0.2547	-0.0452	0	-0.9651	
737756.146388351	0	0	-20	-19	5	0	-32	926	0	0	0	1047	-1816	2856	335	0.2137	-0.0092	0.0249	-0.9757	1	0	0	-8	56	9	960	7.71	-14.97	15.04	0	0	0	497	0.2519	-0.0421	-0.0076	-0.9659	
737756.146388894	0	0	-33	-18	4	47	-98	939	0	0	0	972	-1771	2871	335	0.2153	-0.0198	0.0374	-0.9747	1	-4	13	8	30	-48	1022	7.56	-14.52	16.38	0	0	0	485	0.2522	-0.0373	-0.0058	-0.966	
737756.146389611	0	0	14	8	8	-6	3	988	0	0	0	1062	-1801	2781	335	0.2208	-0.0043	0.0095	-0.9744	1	-3	-12	0	53	-15	992	6.96	-14.52	15.49	0	0	0	496	0.2473	-0.0373	-0.0037	-0.9674	
737756.146390156	0	0	-2	1	8	5	-50	1060	0	0	0	1122	-1771	2841	335	0.2334	-0.0012	0.0181	-0.9714	1	-22	15	18	94	1	891	7.11	-15.87	15.34	0	0	0	458	0.2508	-0.0423	-0.0202	-0.9661	
737756.1463907	0	0	-32	-18	7	41	-45	1017	0	0	0	1092	-1951	2811	335	0.2368	-0.0244	0.0224	-0.9701	1	12	0	20	125	10	952	8.46	-13.62	15.19	0	0	0	445	0.2624	-0.0503	-0.0056	-0.9628	
737756.146391244	0	0	7	4	14	74	-67	997	0	0	0	1107	-1846	2856	334	0.2464	-0.0359	0.0255	-0.9673	1	-2	-1	33	45	-33	1011	8.46	-13.62	15.19	741	-1227	1653	413	0.2765	-0.0406	0.001	-0.9593	
737756.14639178	0	0	33	33	8	-16	-99	1119	0	0	0	1197	-1846	2796	334	0.2525	-0.0196	0.0343	-0.9659	1	13	28	10	90	30	834	8.46	-13.62	15.19	786	-1242	1758	383	0.2828	-0.022	0.0099	-0.9578	
737756.146392171	0	0	-33	-34	10	15	-22	1078	0	0	0	1152	-1831	2781	334	0.256	-0.0023	0.018	-0.9657	1	43	33	30	19	-12	1019	8.76	-11.82	16.98	786	-1242	1758	383	0.2889	-0.0232	0.0012	-0.9562	
737756.146392637	0	0	-4	-14	6	54	-135	969	0	0	0	1197	-1816	2766	334	0.2588	-0.0377	0.0441	-0.9633	1	-4	-16	-1	-83	-90	1081	9.06	-13.02	17.28	786	-1242	1758	383	0.2969	0.0135	0.0189	-0.9537	
737756.146393177	0	0	23	9	2	47	-54	988	0	0	0	1122	-1771	2721	335	0.2572	-0.031	0.0285	-0.9646	1	-16	-22	-19	74	-16	995	7.86	-11.53	16.09	786	-1242	1758	383	0.286	-0.0124	0.0138	-0.9571	
737756.146393723	0	0	-19	-13	-1	14	-44	1072	0	0	0	1167	-1696	2826	334	0.2613	-0.0197	0.0205	-0.964	1	15	0	8	74	30	983	8.46	-12.72	17.28	786	-1242	1758	383	0.2846	-0.0385	-0.0169	-0.9569	
737756.146394265	0	0	9	-1	4	48	-67	944	0	0	0	1197	-1816	2796	334	0.2627	-0.0323	0.0293	-0.963	1	-26	-7	-16	7	-47	972	8.16	-13.62	17.58	786	-1242	1758	383	0.2819	-0.017	0.016	-0.9583	
737756.146394808	0	0	11	22	2	26	-50	1059	0	0	0	1227	-1696	2736	335	0.2669	-0.0211	0.0226	-0.9624	1	9	-25	-1	128	7	852	8.31	-12.27	16.53	786	-1242	1758	383	0.2806	-0.0403	-0.0134	-0.958	
737756.146395344	0	0	-2	-13	-1	0	-20	1089	0	0	0	1197	-1906	2766	333	0.267	-0.0073	0.0153	-0.9627	1	-19	-35	-1	-53	136	1123	8.46	-13.02	16.09	786	-1242	1758	383	0.2853	-0.0276	-0.0211	-0.9567	
737756.146396071	0	0	-6	-15	0	23	-20	1043	0	0	0	1137	-1786	2796	333	0.2667	-0.0106	0.0125	-0.9628	1	-71	-37	-16	-88	193	1126	8.16	-13.62	16.09	786	-1242	1758	413	0.2836	-0.0169	-0.0244	-0.9574	
737756.146396615	0	0	16	3	2	15	-30	1061	0	0	0	1306	-1819	2747	334	0.2651	-0.012	0.0204	-0.9631	1	12	-10	-10	169	151	1022	8.16	-13.62	16.09	666	-1512	1638	502	0.2762	-0.0259	-0.0355	-0.9591	
737756.146397159	0	0	-22	-11	0	34	-67	1004	0	0	0	1336	-1759	2777	334	0.2691	-0.0174	0.0287	-0.9617	1	-1	13	4	-21	81	964	8.16	-13.62	16.09	816	-1272	1519	583	0.28	-0.0146	-0.0239	-0.9587	
737756.146397701	0	0	3	3	-2	23	-88	1053	0	0	0	1411	-1834	2762	334	0.2705	-0.0206	0.0373	-0.9609	1	23	-20	0	25	-73	991	6.66	-14.52	15.79	816	-1272	1519	614	0.2773	-0.0296	-0.0354	-0.9587	
737756.14639826	0	0	7	12	4	-25	-52	1080	0	0	0	1366	-1909	2717	339	0.2734	-0.0089	0.0158	-0.9608	1	-32	18	5	95	10	980	6.36	-12.72	15.49	816	-1272	1519	635	0.2778	-0.0328	-0.0362	-0.9585	
737756.146398988	0	0	1	-5	-9	-31	-34	1350	0	0	0	1276	-1699	2926	352	0.2743	-0.0017	0.0171	-0.9606	1	7	-15	-10	63	59	1029	6.21	-12.57	16.83	816	-1272	1519	655	0.2768	-0.0222	-0.0314	-0.9593	
737756.146399532	0	0	38	-35	-2	-114	-60	1773	0	0	0	1366	-1729	2866	363	0.2767	0.0129	0.012	-0.9599	1	-7	6	0	68	35	979	6.36	-13.32	15.79	816	-1272	1519	649	0.2767	-0.0295	-0.034	-0.9591	
737756.146400068	0	0	42	-111	11	-125	149	2364	0	0	0	1006	-2059	2657	365	0.2717	0.0078	-0.0252	-0.9611	1	1	-9	-6	69	50	984	6.21	-11.97	16.24	816	-1272	1519	644	0.2735	-0.0289	-0.0282	-0.9602	
737756.146400611	0	0	53	-235	23	-209	-43	1962	0	0	0	946	-2329	2447	363	0.2684	-0.02	-0.0517	-0.9607	1	3	-6	-1	104	79	916	5.61	-14.37	15.64	816	-1272	1519	636	0.27	-0.0387	-0.0467	-0.9601	
737756.146401159	0	0	67	-278	38	-83	27	1419	0	0	0	736	-2748	1877	360	0.2614	-0.0569	-0.0727	-0.9598	1	-4	5	0	92	50	932	7.71	-13.77	15.94	816	-1272	1519	626	0.2738	-0.0374	-0.0385	-0.9594	
737756.146401881	0	0	-70	-379	46	-103	-5	840	0	0	0	558	-3351	732	358	0.2343	-0.1439	-0.0805	-0.9569	1	1	-3	-3	66	-8	967	6.06	-13.32	14.89	816	-1272	1519	614	0.2718	-0.0354	-0.0158	-0.9607	
737756.146402425	0	0	-130	-426	22	-112	-119	295	0	0	0	633	-3276	87	358	0.2171	-0.2128	-0.0305	-0.9506	1	0	-1	-1	97	28	965	5.76	-14.52	16.09	816	-1272	1519	610	0.265	-0.0409	-0.0257	-0.9622	
737756.146402961	0	0	-87	-367	-26	102	2	-302	0	0	0	348	-2898	-1797	361	0.1876	-0.4243	0.0275	-0.8842	1	0	0	0	81	33	977	6.81	-14.37	17.13	816	-1272	1519	602	0.2651	-0.0363	-0.0231	-0.9624	
737756.146403503	0	0	-24	-298	-30	125	236	-601	0	0	0	198	-2539	-2756	361	0.1273	-0.6283	-0.0058	-0.7658	1	-1	-1	0	77	39	959	7.11	-14.37	15.94	816	-1272	1519	600	0.2615	-0.0338	-0.0247	-0.9634	
737756.146404033	0	0	-4	-234	-18	229	239	-1339	0	0	0	64	-2118	-2861	361	0.0855	-0.7538	-0.0367	-0.6486	1	1	-2	3	51	2	972	6.96	-13.92	16.38	816	-1272	1519	600	0.2608	-0.0323	-0.0211	-0.9638	
737756.146404569	0	0	-22	-34	21	305	504	-1428	0	0	0	124	-1548	-3400	359	0.0351	-0.8425	-0.0576	-0.5322	1	-8	3	-3	58	0	964	6.21	-13.77	15.04	816	-1272	1519	595	0.2567	-0.0298	-0.0127	-0.9651	
737756.146405119	0	0	-34	63	49	431	208	-1012	0	0	0	184	-1428	-3370	358	0.0096	-0.8729	-0.0554	-0.4825	1	0	1	0	85	9	958	7.71	-12.27	15.04	816	-1272	1519	590	0.2576	-0.0335	-0.0129	-0.9647	
737756.146405839	0	0	15	174	32	254	232	-823	0	0	0	79	-1923	-3085	357	-0.0169	-0.8878	-0.0489	-0.455	1	-4	-3	-6	77	46	975	6.36	-13.62	15.79	816	-1272	1519	590	0.2502	-0.0334	-0.0225	-0.9665	
737756.146406256	0	0	37	243	41	163	139	-804	0	0	0	154	-2298	-2831	356	-0.0109	-0.8868	-0.0533	-0.4565	1	-3	3	1	51	16	966	6.81	-14.37	14.74	816	-1272	1519	585	0.2505	-0.0313	-0.0245	-0.9664	
737756.1464068	0	0	2	340	23	-11	44	-485	0	0	0	454	-2777	-2051	353	0.011	-0.8733	-0.05	-0.4818	1	-4	-6	-2	69	43	971	6.51	-13.17	16.24	816	-1272	1519	583	0.2499	-0.0298	-0.0191	-0.9668	
737756.146407344	0	0	-18	437	58	-310	55	160	0	0	0	516	-3261	-1055	353	0.0072	-0.8196	-0.044	-0.5681	1	4	-7	-2	68	0	946	6.81	-14.67	15.04	816	-1272	1519	578	0.2512	-0.0329	-0.0151	-0.9664	
737756.146407888	0	0	-41	444	72	-423	-402	545	0	0	0	831	-3276	99	353	0.0311	-0.7028	-0.0026	-0.7082	1	-6	6	0	72	-5	965	6.21	-13.47	15.94	816	-1272	1519	575	0.2523	-0.0368	-0.0123	-0.966	
737756.146408431	0	0	86	417	24	-533	176	2134	0	0	0	858	-3036	1435	354	0.0741	-0.4788	0.0055	-0.8728	1	-7	5	1	57	-10	984	7.56	-15.12	16.09	816	-1272	1519	571	0.2562	-0.0327	-0.0076	-0.9652	
737756.146408848	0	0	69	313	-4	-544	-483	2103	0	0	0	1083	-2541	1990	359	0.1003	-0.3005	0.0278	-0.9462	1	2	-5	-5	84	48	961	7.11	-13.77	16.83	816	-1272	1519	572	0.2532	-0.034	-0.013	-0.9658	
737756.146409252	0	0	-40	217	-7	-566	155	3011	0	0	0	1202	-2250	2512	359	0.1028	-0.1612	0.0351	-0.9792	1	6	0	-1	82	51	995	6.81	-14.07	15.94	816	-1272	1519	570	0.254	-0.0303	-0.0277	-0.9655	
737756.146409821	0	0	10	-3	21	-92	-431	2072	0	0	0	1441	-1921	2751	360	0.1393	-0.0318	0.0801	-0.9854	1	-5	3	-1	81	68	945	6.21	-14.67	15.94	816	-1272	1519	568	0.2549	-0.0301	-0.037	-0.9649	
737756.146410364	0	0	37	7	9	31	27	1453	0	0	0	1441	-1801	2811	357	0.1661	0.0001	0.034	-0.9846	1	9	-5	0	65	17	963	6.36	-14.22	14.59	816	-1272	1519	568	0.2589	-0.0306	-0.0322	-0.964	
737756.1464109	0	0	-3	-23	14	55	-187	1122	0	0	0	663	-1939	2948	356	0.1936	-0.0221	0.0334	-0.9793	1	0	3	2	92	42	933	6.51	-12.87	15.34	816	-1272	1519	567	0.2596	-0.0365	-0.0296	-0.9637	
737756.146411447	0	0	-16	-14	3	58	-59	1051	0	0	0	663	-1969	2768	354	0.1807	-0.037	0.0303	-0.9815	1	-1	4	3	54	-6	980	7.41	-13.47	16.24	816	-1272	1519	561	0.2607	-0.0338	-0.0182	-0.9638	
737756.146411985	0	0	5	-13	6	20	-175	954	0	0	0	708	-2074	2933	352	0.1754	-0.0338	0.0516	-0.9817	1	0	-2	1	79	18	963	7.26	-13.32	15.19	816	-1272	1519	555	0.2621	-0.033	-0.0142	-0.9635	
737756.146412529	0	0	-9	-1	0	23	-8	979	0	0	0	603	-2059	2738	349	0.1574	-0.0202	0.0205	-0.9862	1	-3	10	4	55	9	996	6.81	-13.77	16.24	816	-1272	1519	549	0.2624	-0.029	-0.0161	-0.9635	
737756.146413076	0	0	0	-5	1	-5	-84	992	0	0	0	678	-2014	2903	350	0.1561	-0.009	0.0262	-0.9865	1	0	-2	0	35	3	1025	7.71	-14.07	16.24	816	-1272	1519	543	0.2634	-0.0197	-0.0095	-0.9636	
737756.146413617	0	0	6	9	-7	-5	17	1032	0	0	0	618	-1984	2723	348	0.1444	0.0018	0.0118	-0.9886	1	-6	0	0	58	30	962	6.81	-13.17	16.53	816	-1272	1519	538	0.2623	-0.0234	-0.0157	-0.9637	
737756.146414161	0	0	0	-6	10	-8	-31	1023	0	0	0	603	-2059	2888	344	0.1493	0.0024	-0.0011	-0.9879	1	4	-7	-2	54	-2	962	6.21	-12.27	16.24	816	-1272	1519	531	0.2598	-0.027	-0.0138	-0.9643	
737756.146414703	0	0	21	0	-6	2	-28	1059	0	0	0	633	-2119	2798	340	0.1456	-0.0042	0.0134	-0.9884	1	-6	-6	-5	44	11	978	6.81	-12.87	17.13	816	-1272	1519	490	0.2578	-0.0272	-0.0136	-0.9649	
737756.146415121	0	0	-34	-26	9	85	118	1054	0	0	0	618	-1924	2903	335	0.1462	-0.0093	-0.0159	-0.9881	1	-13	0	-2	105	39	967	5.76	-14.52	15.49	816	-1272	1519	463	0.2525	-0.0334	-0.0223	-0.9659	
737756.146415596	0	0	13	13	13	86	-32	973	0	0	0	618	-1984	2753	335	0.1533	-0.0246	0.0052	-0.987	1	-12	4	19	145	56	1012	5.76	-14.52	15.49	696	-1422	1609	413	0.254	-0.0465	-0.0324	-0.9647	
737756.14641614	0	0	15	14	6	-34	-38	1023	0	0	0	573	-2059	2948	333	0.1528	0.0067	0.0122	-0.9873	1	57	12	19	33	-234	878	5.76	-14.52	15.49	786	-1452	1609	383	0.27	-0.0429	-0.0085	-0.9606	
737756.146416684	0	0	-41	-17	10	17	-49	1090	0	0	0	738	-1834	2963	334	0.1551	-0.0038	0.0149	-0.9869	1	4	-6	-12	53	83	1098	7.11	-13.17	17.13	786	-1452	1609	383	0.2735	-0.0046	-0.0515	-0.9596	
737756.14641722	0	0	23	-3	-1	47	-79	988	0	0	0	648	-1894	2843	334	0.1497	-0.0206	0.0292	-0.9873	1	-13	-2	-9	105	103	898	6.81	-12.87	17.73	786	-1452	1609	383	0.2661	-0.028	-0.0327	-0.962	
737756.146417763	0	0	-19	4	-1	32	23	1046	0	0	0	797	-1834	3023	333	0.1487	-0.0142	0.0066	-0.9879	1	19	19	19	43	44	986	5.91	-14.07	16.53	786	-1452	1609	383	0.2696	-0.0341	-0.0487	-0.9602	
737756.14641849	0	0	6	-9	0	39	-32	1011	0	0	0	648	-1984	2753	333	0.1474	-0.0155	0.0135	-0.988	1	-37	-32	-23	75	80	955	6.81	-12.87	17.43	786	-1452	1609	383	0.2655	-0.0157	-0.0185	-0.9629	
737756.146419034	0	0	-4	14	-1	13	-49	1053	0	0	0	573	-1999	2858	334	0.1469	-0.0142	0.0131	-0.9881	1	18	13	17	118	26	916	8.31	-14.97	17.43	786	-1452	1609	383	0.2725	-0.0649	-0.0339	-0.9585	
737756.146419578	0	0	14	-3	-2	-20	26	1125	0	0	0	708	-1984	2783	335	0.1463	0.0029	0.0017	-0.9884	1	-75	-10	-9	-36	224	1149	7.41	-13.17	16.83	786	-1452	1609	392	0.2718	-0.0062	-0.0338	-0.9607	
737756.146420113	0	0	-24	-8	5	9	-36	992	0	0	0	693	-1909	2858	333	0.1545	-0.0035	0.0078	-0.9871	1	50	0	-14	29	42	1108	7.41	-13.17	16.83	711	-1347	1683	433	0.271	0.0051	-0.016	-0.9615	
737756.146420538	0	0	14	7	1	24	-15	1030	0	0	0	723	-1999	2828	334	0.1526	-0.0102	0.0135	-0.9873	1	-7	-23	-8	-5	36	1094	7.41	-13.17	16.83	666	-1272	1668	475	0.2659	-0.0048	-0.0182	-0.963	
737756.146420962	0	0	3	-4	2	-6	-48	1052	0	0	0	633	-1909	2858	334	0.154	-0.0031	0.0092	-0.9872	1	-9	14	1	148	127	849	7.41	-13.17	16.83	666	-1422	1609	512	0.2648	-0.0405	-0.0562	-0.9609	
737756.146421376	0	0	-19	-18	-1	10	-32	992	0	0	0	663	-1939	2888	333	0.1522	-0.0091	0.0161	-0.9874	1	15	-6	-7	-20	0	1016	7.41	-13.77	15.94	666	-1422	1609	543	0.2682	-0.0063	-0.0333	-0.9618	
737756.146421918	0	0	15	13	0	5	-9	1034	0	0	0	633	-2029	2858	334	0.1486	-0.0143	0.0093	-0.9879	1	-5	0	4	138	98	985	6.81	-12.87	14.44	666	-1422	1609	563	0.2697	-0.0159	-0.0503	-0.9606	
737756.146422466	0	0	11	14	5	7	-42	1036	0	0	0	738	-1894	2873	334	0.1505	-0.0034	0.0082	-0.9877	1	0	4	-5	34	-82	985	8.61	-13.77	15.64	666	-1422	1609	572	0.2756	-0.0224	-0.0049	-0.9601	
737756.146423004	0	0	-9	-7	-4	9	9	1079	0	0	0	648	-1894	2813	335	0.1478	0.0012	0.0053	-0.9882	1	7	-8	3	85	73	944	7.41	-13.47	16.53	666	-1422	1609	591	0.2705	-0.0355	-0.033	-0.9606	
737756.146423547	0	0	-12	-3	-2	-102	-119	1286	0	0	0	708	-1954	2993	335	0.1508	0.015	0.0274	-0.9872	1	0	5	-3	84	30	936	6.36	-14.52	14.59	666	-1422	1609	598	0.2709	-0.0382	-0.0287	-0.9606	
737756.146424091	0	0	-5	9	2	113	246	1474	0	0	0	633	-1969	2828	345	0.1456	0.0127	0.0013	-0.9881	1	7	-1	0	83	54	1007	7.71	-14.67	15.64	666	-1422	1609	601	0.2686	-0.0331	-0.0308	-0.9613	
737756.146424635	0	0	100	-62	8	-295	49	2554	0	0	0	498	-1984	2723	354	0.1486	0.0447	-0.0123	-0.987	1	-7	3	-1	62	49	992	6.51	-14.37	16.24	666	-1422	1609	591	0.2641	-0.0257	-0.0286	-0.9629	
737756.146425179	0	0	28	-255	49	-186	77	2196	0	0	0	363	-2089	2498	365	0.1535	-0.0021	-0.0508	-0.9859	1	-2	0	-2	36	29	961	5.31	-13.47	17.43	666	-1422	1609	584	0.2602	-0.0224	-0.0267	-0.9641	
737756.146425722	0	0	33	-298	41	-33	-49	1419	0	0	0	213	-2689	1958	363	0.152	-0.0754	-0.0454	-0.9835	1	6	-7	2	63	22	979	7.71	-14.37	15.94	666	-1422	1609	583	0.2622	-0.0291	-0.0317	-0.9632	
737756.146426257	0	0	30	-348	45	-51	-52	1363	0	0	0	144	-3251	1260	358	0.143	-0.1257	-0.054	-0.9792	1	-8	6	-2	70	0	953	7.11	-13.77	15.64	666	-1422	1609	573	0.259	-0.0369	-0.0212	-0.9641	
737756.146426683	0	0	-66	-446	48	-177	-50	716	0	0	0	69	-3326	436	354	0.1362	-0.1869	-0.0413	-0.9706	1	3	-1	0	84	2	957	6.36	-13.62	16.38	666	-1422	1609	572	0.2581	-0.041	-0.0163	-0.9643	
737756.146427195	0	0	-145	-458	21	-129	11	189	0	0	0	26	-3391	-381	357	0.1264	-0.253	0.0078	-0.9573	1	-2	-4	-4	102	17	985	5.46	-14.52	16.68	666	-1422	1609	571	0.2529	-0.0437	-0.0158	-0.9655	
737756.146427922	0	0	-45	-386	-5	-130	157	-717	0	0	0	-282	-2399	-2786	362	0.0647	-0.4678	-0.0049	-0.8799	1	-4	0	1	66	0	968	6.36	-14.82	15.19	666	-1422	1609	568	0.2524	-0.0378	-0.0179	-0.9659	
737756.146428467	0	0	-42	-295	-15	-176	281	-1433	0	0	0	-387	-1665	-3371	365	0.0241	-0.6424	-0.0112	-0.764	1	0	-4	0	65	12	981	7.56	-13.92	15.79	666	-1422	1609	568	0.2526	-0.0344	-0.013	-0.966	
737756.146429009	0	0	49	-50	20	41	497	-2002	0	0	0	-234	-1110	-3617	368	0.011	-0.7705	-0.0466	-0.6335	1	-1	2	0	36	-37	1001	6.66	-13.62	16.68	666	-1422	1609	566	0.2514	-0.0307	-0.0041	-0.9665	
737756.146429545	0	0	-58	96	49	416	66	-734	0	0	0	-144	-1200	-3497	363	-0.0064	-0.8163	-0.0357	-0.5747	1	-8	-1	-9	63	18	1012	6.66	-13.02	16.98	666	-1422	1609	569	0.2442	-0.0291	-0.0025	-0.9684	
737756.146430272	0	0	17	131	13	573	-108	-589	0	0	0	-144	-1620	-3348	361	0.0133	-0.8218	-0.0035	-0.5679	1	-4	-7	-1	66	45	963	7.26	-15.12	16.38	666	-1422	1609	564	0.2417	-0.0331	-0.0225	-0.9687	
737756.146430815	0	0	0	207	0	461	49	-651	0	0	0	-39	-2054	-3093	360	0.0128	-0.8202	-0.0079	-0.5701	1	-3	0	0	89	72	919	7.11	-14.67	15.64	666	-1422	1609	562	0.2417	-0.0347	-0.0322	-0.9683	
737756.14643136	0	0	-13	241	4	448	-94	-458	0	0	0	-39	-2414	-2673	357	0.0126	-0.8058	0.0022	-0.5905	1	0	-5	-1	82	33	954	6.66	-16.02	16.68	666	-1422	1609	558	0.2447	-0.035	-0.0284	-0.9677	
737756.146431902	0	0	8	345	-10	221	92	-89	0	0	0	-119	-3118	-1936	357	-0.0012	-0.7628	-0.0072	-0.645	1	1	0	0	83	0	913	6.21	-14.67	14.74	666	-1422	1609	557	0.2425	-0.0394	-0.0244	-0.9682	
737756.146432307	0	0	-33	323	33	187	-64	180	0	0	0	-134	-3402	-1172	356	-0.0193	-0.6294	-0.0153	-0.7744	1	6	0	-1	108	26	950	7.56	-13.92	14.89	666	-1422	1609	557	0.2421	-0.0424	-0.0208	-0.9683	
737756.146432773	0	0	-4	367	6	39	-172	576	0	0	0	44	-3542	-205	357	0.0084	-0.4612	0.0264	-0.8849	1	1	1	0	79	-12	996	7.41	-14.07	14.74	666	-1422	1609	556	0.2455	-0.0415	-0.0136	-0.9676	
737756.146433201	0	0	37	347	15	-43	29	1018	0	0	0	254	-3512	484	358	0.0112	-0.3071	0.0201	-0.9496	1	-7	1	-1	79	4	985	6.66	-14.82	16.38	666	-1422	1609	555	0.2424	-0.0394	-0.0088	-0.9685	
737756.146433704	0	0	-2	302	13	-95	84	1921	0	0	0	269	-3227	1609	359	0.0274	-0.0491	-0.0044	-0.9975	1	1	-1	1	75	2	992	7.71	-13.77	15.34	666	-1422	1609	553	0.2468	-0.0372	-0.0084	-0.9675	
737756.146434251	0	0	-96	114	21	78	-319	1563	0	0	0	599	-2957	1819	360	0.0364	0.0042	0.0486	-0.9973	1	-4	2	-1	72	11	966	6.66	-14.22	15.49	666	-1422	1609	550	0.2455	-0.0355	-0.0163	-0.9678	
737756.146434794	0	0	56	197	7	-74	104	2073	0	0	0	524	-2612	2314	361	0.0338	0.071	0.0323	-0.9955	1	1	-1	1	67	25	959	6.96	-15.72	16.09	666	-1422	1609	548	0.2464	-0.0345	-0.0225	-0.9674	
737756.146435331	0	0	-42	0	2	80	-351	1566	0	0	0	719	-2208	2629	362	0.0515	0.0333	0.0541	-0.9956	1	0	-5	-2	86	37	920	6.66	-13.62	14.89	666	-1422	1609	548	0.248	-0.0366	-0.0232	-0.9669	
737756.146436055	0	0	53	62	20	13	98	1561	0	0	0	614	-2223	2764	357	0.0563	0.0194	0.011	-0.9973	1	-2	5	0	49	-12	1006	6.51	-13.77	15.94	666	-1422	1609	541	0.2522	-0.0328	-0.0157	-0.9661	
737756.146436603	0	0	-43	-33	-1	27	-86	1226	0	0	0	568	-2153	2892	358	0.0695	-0.0071	0.0478	-0.9956	1	2	-2	-1	88	53	964	7.11	-13.17	15.64	666	-1422	1609	540	0.25	-0.0335	-0.0208	-0.9666	
737756.146437145	0	0	16	-1	12	83	-148	1011	0	0	0	703	-2048	2817	355	0.0785	-0.0277	0.0489	-0.9944	1	-3	2	0	60	-3	995	6.36	-14.22	14.89	666	-1422	1609	536	0.2515	-0.0324	-0.0157	-0.9663	
737756.146437865	0	0	-13	-10	1	51	12	1082	0	0	0	583	-2198	2817	352	0.0796	-0.0308	0.0212	-0.9953	1	2	0	1	71	3	984	6.81	-12.87	16.53	666	-1422	1609	533	0.2536	-0.0339	-0.0123	-0.9658	
737756.146438408	0	0	-2	-2	-3	42	-85	971	0	0	0	732	-2198	2847	352	0.09	-0.0308	0.0471	-0.9935	1	-2	-4	-2	88	28	977	7.11	-14.07	15.94	666	-1422	1609	531	0.2499	-0.0353	-0.0147	-0.9667	
737756.146438941	0	0	9	1	3	13	19	1068	0	0	0	703	-2198	2727	349	0.0944	-0.0159	0.0113	-0.9945	1	-3	0	1	52	0	972	7.11	-14.07	15.34	666	-1422	1609	525	0.2517	-0.0326	-0.013	-0.9663	
737756.146439478	0	0	-10	-6	-6	25	-11	1006	0	0	0	673	-2228	2847	347	0.1001	-0.0198	0.0245	-0.9936	1	0	-4	0	73	11	971	6.51	-14.97	17.43	666	-1422	1609	508	0.2499	-0.0335	-0.0165	-0.9667	
737756.146440027	0	0	2	-24	7	39	29	1099	0	0	0	628	-2063	3012	339	0.1071	-0.0164	0.0028	-0.9933	1	-14	-1	-6	72	35	979	6.36	-13.92	16.09	666	-1422	1609	461	0.2458	-0.0326	-0.0116	-0.9678	
737756.146440563	0	0	18	6	6	45	-194	987	0	0	0	643	-2258	2787	335	0.1207	-0.0275	0.0253	-0.991	1	-10	-2	13	102	25	1001	6.36	-13.92	16.09	861	-1647	1594	399	0.2499	-0.043	-0.0196	-0.9663	
737756.146441106	0	0	-6	-4	2	98	15	1034	0	0	0	658	-2063	2922	334	0.1208	-0.0345	0.0053	-0.9912	1	-3	13	27	49	-180	758	6.36	-13.92	16.09	861	-1168	1683	383	0.2642	-0.0527	-0.0108	-0.9616	
737756.14644165	0	0	-3	-9	14	32	-13	1011	0	0	0	703	-2078	2847	334	0.1303	-0.0209	-0.007	-0.9903	1	19	18	-3	-105	-20	1159	7.26	-13.02	16.98	861	-1168	1683	383	0.2683	-0.0075	0.006	-0.9623	
737756.146442194	0	0	-19	12	3	75	62	1013	0	0	0	643	-2288	2847	334	0.1305	-0.0273	0.002	-0.9902	1	-17	-39	-14	157	71	914	7.26	-13.02	17.88	861	-1168	1683	383	0.2623	-0.0256	-0.0177	-0.9634	
737756.146442738	0	0	15	10	8	-12	-123	1066	0	0	0	777	-2123	2862	334	0.1428	-0.0088	0.0186	-0.9886	1	19	9	6	119	58	879	7.71	-14.67	16.24	861	-1168	1683	383	0.2671	-0.0548	-0.028	-0.9608	
737756.146443282	0	0	-19	-7	-4	44	21	1033	0	0	0	598	-2123	2952	334	0.137	-0.0185	0.0086	-0.9895	1	-28	-8	-3	-14	74	1113	7.26	-13.02	16.68	861	-1168	1683	383	0.2704	-0.0162	-0.0189	-0.9615	
737756.146443817	0	0	7	0	5	21	-83	1056	0	0	0	688	-2048	2907	334	0.1437	-0.0202	0.0177	-0.9884	1	-16	-18	20	173	27	913	7.71	-13.47	15.94	861	-1168	1683	383	0.2769	-0.0541	-0.034	-0.9578	
737756.146444243	0	0	0	4	0	45	35	1038	0	0	0	688	-2183	3042	334	0.142	-0.0223	0.0041	-0.9887	1	25	-18	14	18	-272	797	7.26	-13.62	14.29	861	-1168	1683	401	0.2851	-0.0658	0.0074	-0.955	
737756.14644489	0	0	-5	-7	0	29	-133	1077	0	0	0	747	-2123	2892	334	0.1472	-0.0209	0.0283	-0.9876	1	0	17	-16	162	119	951	7.26	-13.62	14.29	861	-1497	1594	479	0.269	-0.0376	-0.0294	-0.961	
737756.146445434	0	0	8	-31	2	150	131	743	0	0	0	658	-2213	2802	335	0.1403	-0.0333	-0.0052	-0.9884	1	1	5	-4	-10	-207	1016	7.26	-13.62	14.29	726	-1422	1638	537	0.2702	-0.0362	0.0035	-0.961	
737756.146445976	0	0	8	19	7	94	-91	956	0	0	0	747	-2153	2892	352	0.1519	-0.0371	0.0203	-0.9866	1	10	-9	-6	178	219	961	6.81	-14.37	15.64	726	-1422	1638	562	0.2567	-0.054	-0.0261	-0.9635	
737756.146446512	0	0	26	11	-2	71	35	1102	0	0	0	613	-2138	3057	352	0.1505	-0.0239	0.0003	-0.9874	1	-12	5	-2	134	50	1016	6.51	-14.37	15.94	726	-1422	1638	577	0.2598	-0.0414	-0.0532	-0.9624	
737756.146447242	0	0	-7	0	3	98	68	1098	0	0	0	703	-2198	2967	357	0.1509	-0.0375	-0.0117	-0.9869	1	12	-3	4	50	36	981	6.21	-13.47	15.94	726	-1422	1638	597	0.2615	-0.0382	-0.0306	-0.9631	
737756.146447784	0	0	-1	0	0	-1	-96	1050	0	0	0	643	-2078	2937	359	0.1559	-0.0182	-0.002	-0.9866	1	-4	3	-1	89	105	966	7.11	-14.07	16.24	726	-1422	1638	603	0.2604	-0.0359	-0.0351	-0.9633	
737756.146448327	0	0	-5	-2	0	47	70	1259	0	0	0	717	-2123	2832	365	0.1546	-0.0172	-0.0024	-0.9869	1	5	-8	-1	67	23	998	6.36	-14.82	16.38	726	-1422	1638	605	0.2595	-0.0337	-0.0288	-0.9639	
737756.146448869	0	0	8	-11	-17	-78	-127	1646	0	0	0	703	-2048	2757	368	0.1534	-0.0015	0.0281	-0.9869	1	-3	-2	-1	100	71	970	6.21	-14.07	16.24	726	-1422	1638	605	0.256	-0.0351	-0.0349	-0.9646	
737756.146449588	0	0	65	-107	8	-141	79	2266	0	0	0	523	-2288	2757	371	0.1479	0.0029	-0.0274	-0.9878	1	-2	-5	-1	68	83	966	5.76	-14.22	15.49	726	-1422	1638	594	0.253	-0.0299	-0.0362	-0.9655	
737756.146450007	0	0	49	-177	12	-131	107	2198	0	0	0	343	-2408	2577	371	0.143	-0.0114	-0.042	-0.9879	1	-18	21	0	75	24	939	5.91	-13.77	16.53	726	-1422	1638	590	0.2523	-0.0283	-0.0363	-0.9657	
737756.146450561	0	0	61	-275	23	-59	8	1658	0	0	0	193	-2768	2067	365	0.1373	-0.0634	-0.0528	-0.9862	1	8	-5	0	34	-7	937	6.36	-13.02	16.38	726	-1422	1638	586	0.2538	-0.0244	-0.0207	-0.9658	
737756.146451105	0	0	-25	-370	37	-119	-65	988	0	0	0	233	-3303	1381	363	0.1284	-0.1281	-0.0534	-0.9808	1	4	-6	1	84	40	961	5.61	-13.47	15.64	726	-1422	1638	583	0.2478	-0.0334	-0.0324	-0.9669	
737756.14645164	0	0	-56	-392	21	3	-98	619	0	0	0	23	-3542	62	363	0.1104	-0.2071	-0.0103	-0.9709	1	-3	4	2	81	25	973	6.21	-14.97	16.24	726	-1422	1638	575	0.2468	-0.036	-0.0237	-0.9673	
737756.146452368	0	0	-31	-406	3	-8	-15	249	0	0	0	-50	-3345	-1194	362	0.1013	-0.266	0.0195	-0.957	1	2	-6	3	67	41	958	6.51	-13.47	16.24	726	-1422	1638	574	0.2493	-0.033	-0.0234	-0.9667	
737756.146452911	0	0	-133	-433	14	-28	246	-191	0	0	0	-140	-2775	-2154	362	0.0806	-0.3306	-0.0103	-0.9387	1	0	-2	1	77	50	973	4.86	-14.22	16.09	726	-1422	1638	574	0.2467	-0.0337	-0.029	-0.9672	
737756.146453455	0	0	-133	-433	14	-28	246	-191	0	0	0	-140	-2775	-2154	362	0.0806	-0.3306	-0.0103	-0.9387	1	0	-2	1	77	50	973	4.86	-14.22	16.09	726	-1422	1638	574	0.2467	-0.0337	-0.029	-0.9672	
737756.146453998	0	0	54	-172	-7	-198	496	-2026	0	0	0	-405	-1318	-3356	369	0.0364	-0.5826	-0.0482	-0.8086	1	5	-1	-2	64	8	951	6.66	-13.92	16.09	726	-1422	1638	569	0.2445	-0.0303	-0.0149	-0.9682	
737756.146454533	0	0	-27	54	62	354	152	-1204	0	0	0	-285	-1133	-3449	365	0.0266	-0.6591	-0.0587	-0.7476	1	-5	6	-1	62	-10	1016	5.91	-13.77	16.83	726	-1422	1638	566	0.2438	-0.0322	-0.0085	-0.9684	
737756.146455261	0	0	-27	54	62	354	152	-1204	0	0	0	-285	-1133	-3449	365	0.0266	-0.6591	-0.0587	-0.7476	1	-5	6	-1	62	-10	1016	5.91	-13.77	16.83	726	-1422	1638	566	0.2438	-0.0322	-0.0085	-0.9684	
737756.146455676	0	0	-27	54	62	354	152	-1204	0	0	0	-285	-1133	-3449	365	0.0266	-0.6591	-0.0587	-0.7476	1	-5	6	-1	62	-10	1016	5.91	-13.77	16.83	726	-1422	1638	566	0.2438	-0.0322	-0.0085	-0.9684	
737756.146456095	0	0	-27	54	62	354	152	-1204	0	0	0	-285	-1133	-3449	365	0.0266	-0.6591	-0.0587	-0.7476	1	-5	6	-1	62	-10	1016	5.91	-13.77	16.83	726	-1422	1638	566	0.2438	-0.0322	-0.0085	-0.9684	
737756.146456823	0	0	25	327	-13	143	20	-585	0	0	0	-239	-2775	-2409	358	0.0266	-0.693	-0.0451	-0.7174	1	0	-2	0	63	31	981	5.61	-13.77	15.64	726	-1422	1638	556	0.2395	-0.0284	-0.0266	-0.9693	
737756.146457367	0	0	-86	401	15	-194	116	-77	0	0	0	-119	-3495	-1300	357	-0.0085	-0.63	-0.0763	-0.7705	1	-4	0	-4	72	20	928	7.71	-12.87	16.24	726	-1422	1638	551	0.241	-0.0311	-0.0133	-0.9691	
737756.14645791	0	0	25	481	76	-379	24	585	0	0	0	-13	-3666	-491	356	0.0051	-0.4525	-0.0617	-0.8876	1	7	-3	0	62	-5	969	6.21	-12.27	15.94	726	-1422	1638	547	0.2441	-0.034	-0.0117	-0.9682	
737756.146458629	0	0	53	424	22	-498	177	2128	0	0	0	459	-3193	1751	357	0.0574	-0.0282	-0.0136	-0.9967	1	-2	4	0	60	16	976	6.96	-13.62	16.09	726	-1422	1638	541	0.243	-0.03	-0.0108	-0.9687	
737756.146459173	0	0	-28	201	49	-401	-722	1816	0	0	0	639	-2623	2350	357	0.0828	0.0948	0.016	-0.9908	1	0	-6	-6	69	29	969	6.66	-12.12	15.49	726	-1422	1638	542	0.2431	-0.0299	-0.0104	-0.9686	
737756.146459717	0	0	-12	140	-2	-349	250	2913	0	0	0	834	-2068	2965	355	0.0731	0.1515	0.0434	-0.9836	1	5	-3	0	55	50	954	5.76	-14.22	16.09	726	-1422	1638	538	0.2406	-0.0273	-0.0327	-0.9689	
737756.146460261	0	0	20	-11	0	-117	-483	1711	0	0	0	1026	-1820	3003	356	0.095	0.0816	0.0714	-0.9884	1	-2	-1	-3	71	76	960	6.81	-14.97	15.64	726	-1422	1638	536	0.2391	-0.0235	-0.0353	-0.9692	
737756.146460796	0	0	20	-20	5	12	93	1592	0	0	0	906	-2030	3033	350	0.0979	0.0323	0.0277	-0.9932	1	8	-2	0	61	31	944	7.41	-14.97	15.64	726	-1422	1638	532	0.2448	-0.0246	-0.0332	-0.9678	
737756.146461523	0	0	-29	-28	-14	-4	-31	860	0	0	0	786	-2120	3003	346	0.1181	-0.011	0.0448	-0.991	1	-4	8	6	88	37	926	5.76	-13.62	16.09	726	-1422	1638	526	0.2463	-0.037	-0.0341	-0.967	
737756.14646209	0	0	7	-16	21	53	-49	1050	0	0	0	861	-2195	2898	345	0.1286	-0.0245	0.0257	-0.9902	1	0	0	-1	71	-1	974	5.61	-13.77	17.13	726	-1422	1638	519	0.2458	-0.0335	-0.0129	-0.9678	
737756.146462634	0	0	15	-9	-3	30	-38	836	0	0	0	771	-2045	2958	343	0.1301	-0.0261	0.0477	-0.989	1	1	0	4	78	31	985	7.11	-13.77	16.53	726	-1422	1638	515	0.246	-0.0331	-0.0169	-0.9677	
737756.146463178	0	0	1	11	10	45	15	1024	0	0	0	786	-2030	2943	338	0.1318	-0.0133	0.0144	-0.9902	1	-2	-4	2	33	-14	1045	6.96	-13.02	17.58	726	-1422	1638	491	0.2508	-0.0229	-0.0058	-0.9669	
737756.146463721	0	0	23	0	5	-23	-62	1004	0	0	0	771	-1955	3108	335	0.143	0.0005	0.0187	-0.9887	1	-19	-13	2	73	27	1033	8.31	-13.17	15.34	726	-1422	1638	433	0.2515	-0.0282	-0.0103	-0.9666	
737756.146464265	0	0	-43	-5	11	36	43	985	0	0	0	801	-2015	3108	334	0.1505	-0.0009	0.0038	-0.9877	1	-22	3	25	155	48	949	8.31	-13.17	15.34	741	-1677	1564	398	0.254	-0.0545	-0.0286	-0.9644	
737756.146464808	0	0	37	34	8	-46	-168	1134	0	0	0	846	-2000	3093	334	0.1614	-0.0011	0.0398	-0.9851	1	31	6	17	28	-72	875	8.31	-13.17	15.34	921	-1407	1624	383	0.272	-0.0314	-0.005	-0.9608	
737756.146465344	0	0	-8	-6	3	9	64	1023	0	0	0	666	-1880	3153	332	0.1594	0.0121	-0.009	-0.9862	1	-11	-4	-1	2	25	1001	7.86	-13.92	17.28	921	-1407	1624	383	0.2742	-0.02	0	-0.9606	
737756.146465892	0	0	-17	-5	1	-5	-108	1109	0	0	0	816	-1940	3003	333	0.1685	-0.0026	0.0296	-0.9844	1	20	-4	-3	122	-10	896	6.96	-14.52	16.98	921	-1407	1624	383	0.2629	-0.0411	-0.0167	-0.9629	
737756.146466429	0	0	23	2	0	6	33	1047	0	0	0	666	-1880	3093	333	0.1622	-0.0022	-0.0024	-0.9859	1	1	13	3	-6	16	1091	5.76	-14.22	17.28	921	-1407	1624	383	0.2661	-0.0234	-0.0277	-0.9624	
737756.146466973	0	0	-27	-19	-2	-6	-70	1079	0	0	0	681	-1925	3198	334	0.1697	-0.0024	0.023	-0.9844	1	-30	-13	-8	123	2	896	7.56	-12.12	16.68	921	-1407	1624	383	0.2608	-0.0342	-0.0091	-0.9638	
737756.146467401	0	0	8	-11	0	26	1	1031	0	0	0	831	-1925	3138	334	0.1679	-0.0117	0.0106	-0.9848	1	3	-7	14	74	69	971	7.71	-13.47	15.94	921	-1407	1624	403	0.2679	-0.0444	-0.027	-0.9612	
737756.146467864	0	0	-5	-7	7	12	-25	989	0	0	0	786	-1940	3033	332	0.1743	-0.0087	0.0075	-0.9838	1	59	1	-40	-2	105	1027	7.41	-14.67	16.83	921	-1407	1624	445	0.2629	-0.0241	-0.0077	-0.9635	
737756.146468409	0	0	-11	-7	-1	3	-20	1063	0	0	0	846	-1940	3033	334	0.1747	-0.0102	0.0166	-0.9836	1	-18	26	-1	123	63	956	7.41	-14.67	16.83	786	-1482	1579	506	0.2581	-0.0307	-0.0425	-0.9638	
737756.146468952	0	0	-5	-9	4	6	-67	1013	0	0	0	951	-1955	2898	333	0.1781	-0.0112	0.0255	-0.9828	1	5	0	-8	89	-110	1048	7.41	-14.67	16.83	561	-1347	1624	543	0.2651	-0.0361	-0.0125	-0.9625	
737756.146469488	0	0	13	5	-6	14	17	1063	0	0	0	906	-1940	2973	334	0.1739	-0.0149	0.0126	-0.9837	1	10	-18	5	6	49	939	6.51	-13.47	16.24	561	-1347	1624	577	0.263	-0.0141	-0.0426	-0.9629	
737756.146470214	0	0	-12	-14	0	21	-54	1046	0	0	0	741	-1925	3018	334	0.178	-0.0076	0.0179	-0.983	1	-11	15	-3	142	-17	964	6.51	-11.97	17.13	561	-1347	1624	587	0.2649	-0.0245	-0.0292	-0.9625	
737756.146470758	0	0	5	9	-2	-42	-35	1235	0	0	0	831	-2105	3048	335	0.1761	0.0045	0.018	-0.9834	1	8	-13	-7	86	80	997	7.11	-12.87	16.53	561	-1347	1624	584	0.2595	-0.0228	-0.0359	-0.9639	
737756.146471302	0	0	3	-40	-4	-272	-56	2056	0	0	0	726	-1940	3093	335	0.1724	0.0434	0.0161	-0.9831	1	-10	8	1	81	93	985	7.11	-14.07	16.83	561	-1347	1624	581	0.2603	-0.0304	-0.0442	-0.9632	
737756.146471845	0	0	64	-143	2	-158	237	2275	0	0	0	562	-2165	2958	335	0.1635	0.0075	-0.0357	-0.985	1	-2	0	-4	39	37	976	6.96	-13.92	16.68	561	-1347	1624	578	0.2601	-0.019	-0.0311	-0.964	
737756.146472381	0	0	60	-237	34	-116	20	1944	0	0	0	292	-2585	2778	334	0.1629	-0.0236	-0.0492	-0.9842	1	1	-7	0	78	78	962	6.51	-14.07	16.83	561	-1347	1624	572	0.2589	-0.0239	-0.0458	-0.9637	
737756.146473108	0	0	20	-349	48	-108	-126	1375	0	0	0	171	-3186	1817	333	0.1626	-0.1008	-0.051	-0.9791	1	-1	-3	-1	70	37	926	5.01	-14.37	16.53	561	-1347	1624	562	0.2572	-0.0279	-0.0304	-0.9646	
737756.14647363	0	0	-117	-469	47	-287	-64	909	0	0	0	231	-3426	828	333	0.1559	-0.1702	-0.023	-0.9713	1	3	-3	0	78	-8	949	5.01	-13.47	17.13	561	-1347	1624	558	0.2536	-0.037	-0.0195	-0.9656	
737756.146474178	0	0	-171	-489	23	-260	-43	-36	0	0	0	202	-3338	-802	335	0.1453	-0.2689	0.0353	-0.9497	1	-5	5	0	82	11	933	7.41	-13.77	16.24	561	-1347	1624	556	0.2494	-0.0405	-0.0193	-0.9665	
737756.146474717	0	0	-104	-386	-40	-51	116	-562	0	0	0	-12	-2699	-2149	339	0.1123	-0.5024	0.1068	-0.8491	1	-5	3	0	50	-17	992	5.61	-14.07	18.03	561	-1347	1624	553	0.2462	-0.0333	-0.0097	-0.9677	
737756.146475261	0	0	-54	-311	-56	-106	249	-964	0	0	0	-237	-2294	-2823	342	0.0663	-0.6751	0.1047	-0.7252	1	-4	4	5	56	49	984	6.36	-13.92	16.68	561	-1347	1624	555	0.243	-0.0273	-0.023	-0.9685	
737756.146475677	0	0	73	-177	-42	-95	437	-1722	0	0	0	-334	-1640	-3385	344	0.0394	-0.7944	0.0792	-0.5986	1	-4	3	1	-10	-45	1046	6.36	-13.02	17.28	561	-1347	1624	553	0.244	-0.0145	-0.004	-0.9687	
737756.146476221	0	0	22	73	31	328	351	-1533	0	0	0	-155	-1250	-3355	342	0.0292	-0.8585	0.0493	-0.5072	1	-7	1	-3	53	37	971	5.31	-14.37	16.83	561	-1347	1624	554	0.2361	-0.0194	-0.0102	-0.9706	
737756.146476765	0	0	-82	124	58	426	161	-474	0	0	0	-214	-1520	-3205	339	-0.0157	-0.8679	0.0612	-0.4907	1	-1	-11	-8	60	62	1016	6.96	-13.32	17.58	561	-1347	1624	552	0.2327	-0.0212	-0.0168	-0.9713	
737756.146477309	0	0	38	122	40	561	-111	-524	0	0	0	-229	-1805	-3160	340	-0.0162	-0.8526	0.0854	-0.5136	1	-8	0	1	51	46	950	5.76	-13.62	17.28	561	-1347	1624	548	0.2355	-0.0234	-0.0305	-0.9703	
737756.146477845	0	0	45	205	-14	408	121	-706	0	0	0	-125	-2359	-2875	339	-0.0074	-0.849	0.0723	-0.5215	1	0	-4	-2	50	40	937	6.66	-14.52	15.79	561	-1347	1624	545	0.2369	-0.0228	-0.0257	-0.9701	
737756.146478571	0	0	7	292	30	216	-28	-343	0	0	0	69	-2824	-1991	339	-0.0289	-0.8335	0.0642	-0.5462	1	-3	0	-1	65	33	947	7.41	-13.47	16.24	561	-1347	1624	538	0.2425	-0.0265	-0.022	-0.9687	
737756.146478999	0	0	5	355	10	99	-82	-253	0	0	0	269	-3249	-1469	339	-0.0103	-0.8087	0.0796	-0.5808	1	0	0	0	61	9	941	6.81	-13.77	16.53	561	-1347	1624	537	0.2449	-0.0278	-0.0173	-0.9681	
737756.146479416	0	0	15	429	14	-127	-41	78	0	0	0	344	-3474	-675	340	0.0069	-0.7652	0.0996	-0.6332	1	0	1	1	55	2	961	6.21	-12.87	16.53	561	-1347	1624	532	0.2443	-0.0301	-0.0144	-0.9683	
737756.146479958	0	0	-41	455	45	-374	-363	898	0	0	0	388	-3547	530	341	0.0047	-0.5791	0.1181	-0.8045	1	1	0	0	55	-3	977	5.16	-13.92	16.38	561	-1347	1624	531	0.2381	-0.029	-0.0129	-0.9699	
737756.146480504	0	0	16	430	46	-581	-4	2119	0	0	0	685	-2922	1708	341	0.0068	-0.3114	0.1188	-0.9409	1	-1	0	-2	51	12	986	5.91	-13.47	16.53	561	-1347	1624	529	0.239	-0.0248	-0.0085	-0.9698	
737756.146481048	0	0	75	237	18	-425	-561	2398	0	0	0	910	-2427	2532	344	0.0222	-0.1136	0.1053	-0.9859	1	-2	0	-3	58	27	990	6.36	-12.72	16.68	561	-1347	1624	524	0.2396	-0.0241	-0.0143	-0.9696	
737756.146481584	0	0	-37	79	0	-317	117	2474	0	0	0	865	-2022	3087	342	0.0267	0.0431	0.0573	-0.996	1	4	-6	-1	75	70	944	8.46	-13.92	16.98	561	-1347	1624	520	0.2454	-0.0248	-0.0264	-0.9679	
737756.146482134	0	0	37	-19	11	-26	-543	1525	0	0	0	916	-1858	3077	340	0.0625	0.029	0.0834	-0.993	1	2	-3	0	70	55	950	7.11	-14.37	15.94	561	-1347	1624	517	0.2512	-0.0266	-0.0345	-0.9661	
737756.146482854	0	0	5	-6	15	-30	96	1311	0	0	0	1051	-1873	3152	337	0.0739	0.0206	0.0187	-0.9959	1	-1	2	4	59	1	970	7.26	-14.52	17.28	561	-1347	1624	492	0.2557	-0.0286	-0.0191	-0.9653	
737756.146483397	0	0	6	-32	-4	-25	-179	1077	0	0	0	961	-1783	3212	338	0.0944	0.0095	0.0757	-0.9917	1	6	-7	-4	54	-2	954	6.36	-12.72	16.09	561	-1347	1624	489	0.2562	-0.0287	-0.0052	-0.9653	
737756.146483941	0	0	-36	-29	3	5	-7	963	0	0	0	841	-1963	3122	335	0.0976	-0.0016	0.0385	-0.9936	1	-5	9	3	63	-5	997	7.41	-13.47	15.94	561	-1347	1624	480	0.2546	-0.0323	-0.0116	-0.9656	
737756.146484477	0	0	25	-4	0	16	-177	931	0	0	0	946	-1978	3167	335	0.11	-0.0117	0.0684	-0.9906	1	-6	-3	4	57	-6	1024	6.36	-14.22	16.68	561	-1347	1624	444	0.2527	-0.0278	-0.0101	-0.9662	
737756.146485008	0	0	-15	-5	-5	-20	53	966	0	0	0	841	-2113	3032	335	0.1077	0.0024	0.0168	-0.9931	1	-7	-12	2	48	17	988	6.66	-13.92	17.88	561	-1347	1624	422	0.2516	-0.0267	-0.0097	-0.9666	
737756.14648555	0	0	-19	-5	2	-41	-117	1015	0	0	0	946	-1978	3107	335	0.1234	0.0105	0.0453	-0.9904	1	-8	1	10	59	61	1002	6.66	-13.92	17.88	771	-1287	1653	401	0.258	-0.0307	-0.0157	-0.9646	
737756.146486279	0	0	19	9	0	-48	62	1095	0	0	0	886	-1918	2987	334	0.1331	0.0203	0.0057	-0.99	1	38	21	3	141	32	870	8.31	-13.47	15.94	771	-1287	1653	381	0.2621	-0.035	-0.0049	-0.9634	
737756.146486823	0	0	-44	-18	2	-8	-100	1028	0	0	0	841	-2083	3032	335	0.1431	0.0089	0.0352	-0.9882	1	0	-3	3	-39	20	1106	5.91	-13.77	18.03	771	-1287	1653	381	0.2604	0.0064	-0.0331	-0.964	
737756.146487366	0	0	33	15	1	2	-4	1054	0	0	0	781	-2023	3002	335	0.1443	0.0024	0.0193	-0.9885	1	5	-10	-8	110	80	875	6.51	-13.47	17.43	771	-1287	1653	381	0.2564	-0.0226	-0.0272	-0.965	
737756.146488084	0	0	-46	-20	-1	-16	-33	1067	0	0	0	961	-2083	3092	335	0.1552	0.0036	0.0241	-0.9868	1	12	8	9	12	44	983	5.91	-13.17	17.73	771	-1287	1653	382	0.2647	-0.0181	-0.0404	-0.9624	
737756.146488628	0	0	20	-2	2	5	-88	1016	0	0	0	871	-2053	2942	335	0.1575	-0.0087	0.0368	-0.986	1	-20	-12	-5	97	64	948	6.21	-13.17	17.73	771	-1287	1653	383	0.2652	-0.0192	-0.0302	-0.9626	
737756.146489173	0	0	-2	5	0	-20	7	1044	0	0	0	871	-1993	3032	335	0.1587	0.007	0.0119	-0.9864	1	2	0	15	43	66	930	6.66	-13.02	17.28	771	-1287	1653	383	0.269	-0.029	-0.0413	-0.9609	
737756.146489716	0	0	-27	-15	5	-6	-78	1066	0	0	0	916	-2008	2987	335	0.1639	-0.002	0.0311	-0.9851	1	47	-13	-16	-28	56	907	6.81	-13.17	17.73	771	-1287	1653	422	0.2696	-0.0131	-0.0054	-0.9619	
737756.146490251	0	0	27	11	3	5	-66	959	0	0	0	961	-2143	3062	335	0.1649	-0.0051	0.0349	-0.9849	1	-1	11	-13	136	118	974	6.81	-13.17	17.73	606	-1242	1728	494	0.2538	-0.0248	-0.0442	-0.965	
737756.146490795	0	0	-26	-14	1	-27	-34	1091	0	0	0	751	-2143	3002	335	0.1638	0.0026	0.0156	-0.9855	1	-7	22	0	91	27	1018	6.81	-13.17	17.73	576	-1272	1668	525	0.2588	-0.0227	-0.0474	-0.9636	
737756.146491522	0	0	21	10	0	5	-37	993	0	0	0	871	-2053	2912	335	0.1627	-0.005	0.0293	-0.9854	1	-5	5	5	36	166	993	6.36	-14.52	16.38	576	-1272	1668	562	0.2535	-0.0096	-0.0849	-0.9627	
737756.146492066	0	0	-18	-7	1	-16	-54	1058	0	0	0	1051	-1903	3092	335	0.1688	0.0055	0.0233	-0.9845	1	-18	7	-10	27	-47	993	4.56	-13.02	17.58	576	-1272	1668	574	0.2589	-0.0217	-0.0305	-0.9642	
737756.14649261	0	0	-20	-5	0	-1	-82	1020	0	0	0	946	-2038	2927	335	0.1676	-0.0065	0.0397	-0.9842	1	8	-12	-1	107	37	962	6.51	-14.07	16.53	576	-1272	1668	587	0.2566	-0.0281	-0.0435	-0.9643	
737756.146493145	0	0	14	21	0	-61	-73	1195	0	0	0	826	-1918	2927	338	0.1669	0.0137	0.03	-0.9846	1	-14	8	0	83	103	988	5.31	-13.77	17.13	576	-1272	1668	585	0.2521	-0.0299	-0.0501	-0.9651	
737756.146493688	0	0	-8	-10	0	-182	-95	1860	0	0	0	901	-2023	2942	340	0.1673	0.0377	0.034	-0.9838	1	-3	2	4	44	44	983	5.91	-12.57	17.43	576	-1272	1668	579	0.2546	-0.0231	-0.0394	-0.9651	
737756.146494415	0	0	112	-92	8	-216	33	2218	0	0	0	796	-2248	3017	341	0.1677	0.0285	-0.0102	-0.9845	1	-6	-7	2	77	125	883	6.06	-13.02	17.58	576	-1272	1668	567	0.2532	-0.024	-0.0532	-0.9648	
737756.146494959	0	0	29	-230	27	-246	91	2030	0	0	0	436	-2518	2777	339	0.1664	0.0047	-0.0454	-0.9841	1	-4	-1	0	58	72	952	4.86	-14.22	15.79	576	-1272	1668	559	0.2541	-0.0203	-0.0418	-0.9652	
737756.146495496	0	0	0	-318	28	-137	-8	1626	0	0	0	271	-2833	2192	340	0.1606	-0.0486	-0.0373	-0.9842	1	-2	0	0	58	25	924	6.81	-14.07	16.83	576	-1272	1668	547	0.2582	-0.0223	-0.032	-0.9644	
737756.146496038	0	0	9	-368	35	-191	-60	1136	0	0	0	279	-3343	1382	335	0.1543	-0.1139	-0.0349	-0.9797	1	0	6	0	62	23	950	5.61	-13.47	16.83	576	-1272	1668	533	0.2548	-0.0268	-0.0242	-0.9655	
737756.146496614	0	0	-161	-501	20	-284	-60	602	0	0	0	234	-3628	137	335	0.1413	-0.1986	-0.002	-0.9683	1	3	0	1	45	20	1017	5.16	-13.92	16.68	576	-1272	1668	532	0.2489	-0.0222	-0.0249	-0.9671	
737756.146497149	0	0	-194	-489	-34	-251	62	-51	0	0	0	-19	-3278	-1476	339	0.12	-0.2988	0.0732	-0.9421	1	-6	0	0	54	28	991	5.46	-13.92	17.58	576	-1272	1668	526	0.2465	-0.0232	-0.0218	-0.9678	
737756.146497692	0	0	-108	-435	-66	-177	206	-512	0	0	0	-445	-2555	-2627	341	0.0428	-0.4616	0.0601	-0.8823	1	-6	4	4	43	16	976	4.71	-13.77	17.43	576	-1272	1668	521	0.2459	-0.0229	-0.0226	-0.9679	
737756.14649842	0	0	77	-199	-49	-310	520	-1747	0	0	0	-501	-1191	-3574	345	-0.0171	-0.7407	-0.003	-0.6692	1	-6	0	-3	14	6	996	5.61	-13.17	17.43	576	-1272	1668	523	0.2422	-0.0114	-0.0114	-0.9692	
737756.146498964	0	0	80	15	33	72	558	-1828	0	0	0	-351	-921	-3604	346	-0.0211	-0.8157	-0.0426	-0.5741	1	-1	2	4	56	22	933	5.01	-14.07	16.83	576	-1272	1668	520	0.2382	-0.0233	-0.0218	-0.9698	
737756.146499507	0	0	-96	130	82	386	80	-855	0	0	0	-321	-1191	-3424	343	-0.0353	-0.8459	-0.024	-0.5297	1	-2	-4	-8	29	32	1022	5.91	-13.17	17.73	576	-1272	1668	522	0.2357	-0.0166	-0.0125	-0.9708	
737756.14650023	0	0	20	163	43	410	-79	-501	0	0	0	-366	-1625	-3290	341	-0.0188	-0.8462	0.0087	-0.5306	1	-1	-4	2	52	68	975	6.81	-14.07	17.13	576	-1272	1668	518	0.2358	-0.0188	-0.0325	-0.9702	
737756.14650077	0	0	27	220	3	463	50	-623	0	0	0	-231	-2180	-2975	341	-0.01	-0.8406	0.0069	-0.5398	1	-6	-1	0	43	39	957	5.31	-11.68	16.53	576	-1272	1668	513	0.2386	-0.017	-0.0255	-0.9698	
737756.146501313	0	0	-1	244	26	399	144	-460	0	0	0	-231	-2480	-2735	340	-0.0187	-0.8324	0.0018	-0.5521	1	3	-4	2	32	53	961	5.91	-13.47	17.43	576	-1272	1668	516	0.2404	-0.0151	-0.0275	-0.9693	
737756.146501857	0	0	-1	244	26	399	144	-460	0	0	0	-231	-2480	-2735	340	-0.0187	-0.8324	0.0018	-0.5521	1	3	-4	2	32	53	961	5.91	-13.47	17.43	576	-1272	1668	516	0.2404	-0.0151	-0.0275	-0.9693	
737756.146502369	0	0	-1	244	26	399	144	-460	0	0	0	-231	-2480	-2735	340	-0.0187	-0.8324	0.0018	-0.5521	1	8	3	6	35	-9	984	6.21	-14.67	17.73	576	-1272	1668	506	0.2422	-0.0254	-0.023	-0.9687	
737756.146502918	0	0	21	332	61	155	-248	965	0	0	0	489	-3558	121	342	0.0569	-0.6132	0.0575	-0.7835	1	-1	-4	-1	30	5	1010	5.76	-13.62	18.48	576	-1272	1668	505	0.2412	-0.0214	-0.015	-0.9693	
737756.146503455	0	0	7	344	5	61	-401	951	0	0	0	400	-3528	661	342	0.0664	-0.5376	0.0749	-0.8352	1	0	-5	-2	46	21	972	6.66	-14.22	16.38	576	-1272	1668	505	0.2408	-0.0217	-0.0156	-0.9694	
737756.146503998	0	0	-15	213	69	-48	-383	1585	0	0	0	645	-3364	1548	341	0.0762	-0.4221	0.0753	-0.8983	1	-8	3	-4	52	48	1006	6.36	-13.92	17.58	576	-1272	1668	495	0.2395	-0.0196	-0.0183	-0.9697	
737756.146504543	0	0	101	274	-31	-87	-420	1764	0	0	0	855	-2974	2057	344	0.0872	-0.3405	0.079	-0.931	1	-8	3	-4	52	48	1006	6.36	-13.92	17.58	576	-1272	1668	495	0.2395	-0.0196	-0.0183	-0.9697	
737756.146505086	0	0	101	274	-31	-87	-420	1764	0	0	0	855	-2974	2057	344	0.0872	-0.3405	0.079	-0.931	1	-8	3	-4	52	48	1006	6.36	-13.92	17.58	576	-1272	1668	495	0.2395	-0.0196	-0.0183	-0.9697	
737756.14650563	0	0	101	274	-31	-87	-420	1764	0	0	0	855	-2974	2057	344	0.0872	-0.3405	0.079	-0.931	1	-8	3	-4	52	48	1006	6.36	-13.92	17.58	576	-1272	1668	495	0.2395	-0.0196	-0.0183	-0.9697	
737756.146506165	0	0	101	274	-31	-87	-420	1764	0	0	0	855	-2974	2057	344	0.0872	-0.3405	0.079	-0.931	1	-8	3	-4	52	48	1006	6.36	-13.92	17.58	576	-1272	1668	495	0.2395	-0.0196	-0.0183	-0.9697	
737756.146506892	0	0	101	274	-31	-87	-420	1764	0	0	0	855	-2974	2057	344	0.0872	-0.3405	0.079	-0.931	1	-8	3	-4	52	48	1006	6.36	-13.92	17.58	576	-1272	1668	495	0.2395	-0.0196	-0.0183	-0.9697	
737756.146507436	0	0	101	274	-31	-87	-420	1764	0	0	0	855	-2974	2057	344	0.0872	-0.3405	0.079	-0.931	1	-8	3	-4	52	48	1006	6.36	-13.92	17.58	576	-1272	1668	495	0.2395	-0.0196	-0.0183	-0.9697	
737756.14650783	0	0	101	274	-31	-87	-420	1764	0	0	0	855	-2974	2057	344	0.0872	-0.3405	0.079	-0.931	1	-8	3	-4	52	48	1006	6.36	-13.92	17.58	576	-1272	1668	495	0.2395	-0.0196	-0.0183	-0.9697	
737756.146508338	0	0	101	274	-31	-87	-420	1764	0	0	0	855	-2974	2057	344	0.0872	-0.3405	0.079	-0.931	1	-8	3	-4	52	48	1006	6.36	-13.92	17.58	576	-1272	1668	495	0.2395	-0.0196	-0.0183	-0.9697	
737756.146508883	0	0	101	274	-31	-87	-420	1764	0	0	0	855	-2974	2057	344	0.0872	-0.3405	0.079	-0.931	1	-8	3	-4	52	48	1006	6.36	-13.92	17.58	576	-1272	1668	495	0.2395	-0.0196	-0.0183	-0.9697	
737756.146509429	0	0	-21	-9	-6	2	-134	986	0	0	0	854	-2198	2983	338	0.1305	-0.0135	0.0597	-0.9887	1	-18	-7	1	67	46	1023	6.36	-13.92	17.58	696	-1302	1938	396	0.2518	-0.0194	-0.0168	-0.9666	
737756.146510158	0	0	-11	0	-7	-2	-77	985	0	0	0	1019	-2213	2998	338	0.1306	-0.0109	0.0555	-0.989	1	-12	-12	7	80	4	972	6.36	-13.92	17.58	681	-1257	1893	396	0.2536	-0.0263	-0.0133	-0.966	
737756.146510712	0	0	-11	0	-7	-2	-77	985	0	0	0	1019	-2213	2998	338	0.1306	-0.0109	0.0555	-0.989	1	-12	-12	7	80	4	972	6.36	-13.92	17.58	681	-1257	1893	396	0.2536	-0.0263	-0.0133	-0.966	
737756.146511256	0	0	-11	0	-7	-2	-77	985	0	0	0	1019	-2213	2998	338	0.1306	-0.0109	0.0555	-0.989	1	-12	-12	7	80	4	972	6.36	-13.92	17.58	681	-1257	1893	396	0.2536	-0.0263	-0.0133	-0.966	
737756.146511792	0	0	-11	0	-7	-2	-77	985	0	0	0	1019	-2213	2998	338	0.1306	-0.0109	0.0555	-0.989	1	-12	-12	7	80	4	972	6.36	-13.92	17.58	681	-1257	1893	396	0.2536	-0.0263	-0.0133	-0.966	
737756.146512334	0	0	-11	0	-7	-2	-77	985	0	0	0	1019	-2213	2998	338	0.1306	-0.0109	0.0555	-0.989	1	-12	-12	7	80	4	972	6.36	-13.92	17.58	681	-1257	1893	396	0.2536	-0.0263	-0.0133	-0.966	
737756.146513061	0	0	-11	0	-7	-2	-77	985	0	0	0	1019	-2213	2998	338	0.1306	-0.0109	0.0555	-0.989	1	-12	-12	7	80	4	972	6.36	-13.92	17.58	681	-1257	1893	396	0.2536	-0.0263	-0.0133	-0.966	
737756.146513455	0	0	-31	-16	8	7	-86	971	0	0	0	854	-2138	2893	339	0.1505	-0.0111	0.0299	-0.9872	1	-12	-12	7	80	4	972	6.36	-13.92	17.58	681	-1257	1893	396	0.2536	-0.0263	-0.0133	-0.966	
737756.146513937	0	0	8	13	-3	32	-104	953	0	0	0	944	-2228	2893	339	0.1505	-0.0181	0.0497	-0.9864	1	23	-6	-19	167	125	1093	6.36	-13.92	17.58	696	-1422	1579	474	0.2621	-0.0088	-0.0189	-0.9638	
737756.146514658	0	0	-7	-2	6	-5	-108	1035	0	0	0	1004	-2258	3043	340	0.1543	-0.0062	0.0344	-0.9865	1	-6	25	3	16	-129	1006	6.36	-13.92	17.58	561	-1287	1683	537	0.2568	-0.0264	-0.0049	-0.965	
737756.146515202	0	0	1	11	-3	3	-71	1032	0	0	0	944	-2138	2953	339	0.1499	-0.0094	0.0473	-0.9867	1	2	-21	-2	157	85	1026	6.51	-12.87	17.73	561	-1287	1683	571	0.2472	-0.0524	-0.0293	-0.9662	
737756.146515746	0	0	17	9	4	-12	-76	1048	0	0	0	959	-2183	3058	338	0.1544	0.002	0.0291	-0.9867	1	-4	-2	-9	91	-52	941	5.91	-14.07	16.83	561	-1287	1683	596	0.2529	-0.0361	-0.0166	-0.9658	
737756.146516289	0	0	-16	5	-2	-20	-59	1067	0	0	0	854	-2168	3013	338	0.1537	0.0028	0.0344	-0.9867	1	-3	9	-2	62	144	932	5.91	-14.67	17.13	561	-1287	1683	595	0.2428	-0.0317	-0.0428	-0.9677	
737756.146516824	0	0	-5	-6	5	1	-60	1173	0	0	0	914	-2198	3103	339	0.1551	-0.0008	0.0257	-0.9867	1	0	-5	-6	68	44	995	6.66	-13.92	16.38	561	-1287	1683	598	0.244	-0.0274	-0.0346	-0.9679	
737756.146517372	0	0	2	-4	-4	-51	-105	1287	0	0	0	719	-2183	3118	340	0.1548	0.0053	0.0411	-0.9862	1	-1	3	2	94	95	948	6.36	-14.52	16.68	561	-1287	1683	596	0.245	-0.0269	-0.0417	-0.9674	
737756.14651791	0	0	9	-25	0	-65	-20	1577	0	0	0	794	-2168	3163	342	0.1509	0.0127	0.0218	-0.9874	1	0	-6	-2	73	70	991	6.36	-13.92	16.38	561	-1287	1683	590	0.2448	-0.023	-0.0344	-0.9678	
737756.146518454	0	0	40	-54	-13	-199	-169	1944	0	0	0	764	-2258	2863	342	0.149	0.0166	0.0303	-0.9874	1	0	-1	4	60	59	944	6.06	-15.12	16.68	561	-1287	1683	583	0.2463	-0.0226	-0.0405	-0.9672	
737756.146518998	0	0	69	-184	14	-208	136	2378	0	0	0	599	-2423	2968	343	0.1434	0.0022	-0.0275	-0.9884	1	0	-4	-2	52	81	919	6.21	-13.17	16.53	561	-1287	1683	573	0.2481	-0.0161	-0.0376	-0.967	
737756.146519421	0	0	73	-268	24	-207	-94	2001	0	0	0	375	-2798	2623	344	0.1419	-0.019	-0.0338	-0.9882	1	0	-2	-1	62	100	902	6.21	-13.77	16.53	561	-1287	1683	573	0.2481	-0.017	-0.0429	-0.9668	
737756.146519925	0	0	53	-340	27	-140	10	1366	0	0	0	225	-3157	1874	344	0.1368	-0.0631	-0.0426	-0.9867	1	6	0	7	67	95	930	5.31	-14.67	18.03	561	-1287	1683	562	0.2501	-0.0204	-0.0501	-0.9658	
737756.146520469	0	0	53	-340	27	-140	10	1366	0	0	0	225	-3157	1874	344	0.1368	-0.0631	-0.0426	-0.9867	1	2	6	7	39	59	925	5.31	-13.17	15.34	561	-1287	1683	562	0.2506	-0.018	-0.0471	-0.9659	
737756.146521013	0	0	53	-340	27	-140	10	1366	0	0	0	225	-3157	1874	344	0.1368	-0.0631	-0.0426	-0.9867	1	2	6	7	39	59	925	5.31	-13.17	15.34	561	-1287	1683	562	0.2506	-0.018	-0.0471	-0.9659	
737756.146521549	0	0	53	-340	27	-140	10	1366	0	0	0	225	-3157	1874	344	0.1368	-0.0631	-0.0426	-0.9867	1	2	6	7	39	59	925	5.31	-13.17	15.34	561	-1287	1683	562	0.2506	-0.018	-0.0471	-0.9659	
737756.146522275	0	0	-4	-338	-30	-504	239	-1331	0	0	0	-422	-2290	-3009	352	0.0435	-0.3834	-0.0448	-0.9199	1	4	-4	3	53	56	976	5.31	-14.07	17.73	561	-1287	1683	540	0.2528	-0.0199	-0.0262	-0.9661	
737756.146522819	0	0	117	-60	6	-202	713	-2675	0	0	0	-122	-1210	-3549	357	0.0061	-0.5563	-0.1315	-0.8187	1	-4	6	4	38	1	946	4.86	-13.62	18.18	561	-1287	1683	540	0.2484	-0.0217	-0.0191	-0.9674	
737756.146523363	0	0	-98	95	69	441	-35	-453	0	0	0	-272	-1180	-3489	350	-0.0003	-0.6162	-0.1305	-0.7753	1	-2	0	2	49	25	1043	6.36	-13.02	17.28	561	-1287	1683	537	0.2469	-0.0184	-0.0104	-0.968	
737756.146523899	0	0	19	101	29	1010	-140	-1	0	0	0	-422	-1480	-3369	347	0.0317	-0.6291	-0.0711	-0.7722	1	-4	-7	-1	25	58	1026	6.36	-12.72	16.98	561	-1287	1683	542	0.2434	-0.0116	-0.0182	-0.9688	
737756.146524441	0	0	11	61	-8	729	17	-518	0	0	0	-212	-1810	-3249	348	0.0413	-0.6545	-0.0603	-0.7512	1	-1	-7	-1	21	65	932	6.21	-12.27	18.63	561	-1287	1683	531	0.2433	-0.0034	-0.0248	-0.9688	
737756.146525168	0	0	-16	98	-1	427	12	-1071	0	0	0	-257	-1915	-3084	348	0.0188	-0.7068	-0.0645	-0.7026	1	-2	-3	-3	37	75	941	5.91	-13.17	17.73	561	-1287	1683	522	0.2479	-0.0062	-0.0344	-0.9673	
737756.146525724	0	0	2	216	2	409	177	-644	0	0	0	-197	-2305	-2844	346	0.0173	-0.7163	-0.0678	-0.6928	1	7	-7	-7	54	39	929	5.91	-14.07	17.43	561	-1287	1683	523	0.2496	-0.0174	-0.031	-0.9668	
737756.146526268	0	0	-42	259	34	276	149	-606	0	0	0	-287	-2994	-2275	348	-0.0051	-0.709	-0.0793	-0.6991	1	-5	12	-3	67	49	972	6.36	-12.42	17.28	561	-1287	1683	530	0.2507	-0.0241	-0.0305	-0.9664	
737756.146526812	0	0	-3	385	60	102	92	-261	0	0	0	-242	-3339	-1690	345	-0.0009	-0.6777	-0.0864	-0.7286	1	0	-4	-2	31	31	1016	6.66	-13.32	18.18	561	-1287	1683	531	0.2516	-0.0185	-0.0173	-0.9667	
737756.146527355	0	0	-29	427	89	-57	-164	586	0	0	0	104	-3692	-525	346	0.0237	-0.4904	-0.0463	-0.8679	1	0	-5	0	70	46	963	5.31	-12.57	17.13	561	-1287	1683	531	0.245	-0.0248	-0.0263	-0.968	
737756.1465279	0	0	-65	303	93	67	-339	1108	0	0	0	475	-3585	677	348	0.0798	-0.2319	0.0091	-0.9679	1	-5	-1	0	33	19	968	6.21	-13.17	17.73	561	-1287	1683	530	0.2477	-0.0169	-0.0149	-0.9677	
737756.146528443	0	0	38	338	35	-180	-236	1079	0	0	0	670	-3270	1232	348	0.0999	-0.077	0.0912	-0.9867	1	2	-3	1	35	23	989	5.16	-13.02	16.38	561	-1287	1683	527	0.2463	-0.0174	-0.0233	-0.9679	
737756.146528979	0	0	10	223	42	-105	-835	1781	0	0	0	1134	-2776	2116	349	0.1156	0.0753	0.1096	-0.9834	1	-4	0	-1	36	33	998	6.21	-13.77	17.43	561	-1287	1683	523	0.2459	-0.0152	-0.0264	-0.968	
737756.146529521	0	0	13	124	11	-260	306	2388	0	0	0	955	-2446	2656	349	0.0942	0.1239	0.0596	-0.9848	1	0	1	0	36	56	977	6.21	-12.27	16.53	561	-1287	1683	523	0.2502	-0.0135	-0.0327	-0.9667	
737756.146530073	0	0	-20	7	18	-22	-730	1688	0	0	0	1194	-2056	2895	349	0.1135	0.0775	0.0951	-0.9847	1	0	-6	-4	50	88	980	6.36	-13.32	16.09	561	-1287	1683	519	0.2509	-0.0121	-0.0357	-0.9664	
737756.146530607	0	0	57	35	-13	-106	-156	1305	0	0	0	1090	-2131	2880	350	0.0984	0.0466	0.092	-0.9889	1	3	-3	0	53	34	925	6.51	-14.37	16.53	561	-1287	1683	515	0.2556	-0.0188	-0.0336	-0.9652	
737756.146530994	0	0	34	27	15	-5	-185	1461	0	0	0	895	-1966	3015	347	0.1027	0.0323	0.0684	-0.9909	1	0	3	-2	71	62	926	6.36	-13.02	16.38	561	-1287	1683	509	0.2572	-0.0223	-0.0356	-0.9646	
737756.146531499	0	0	-18	-30	-3	38	51	1186	0	0	0	1090	-2071	2970	348	0.1038	0.0015	0.0695	-0.9909	1	0	-3	2	59	37	964	6.36	-13.62	17.28	561	-1287	1683	500	0.2587	-0.0277	-0.0316	-0.9642	
737756.146532043	0	0	32	0	10	134	-98	947	0	0	0	895	-2146	2985	345	0.1128	-0.0292	0.0408	-0.9914	1	-15	12	2	51	13	974	6.36	-13.02	16.38	561	-1287	1683	466	0.2584	-0.0227	-0.0164	-0.9648	
737756.146532587	0	0	-31	-9	-5	80	-54	1012	0	0	0	955	-2056	2955	346	0.1171	-0.0485	0.0595	-0.9892	1	-4	-6	10	43	-3	1049	6.36	-13.02	17.58	561	-1287	1683	428	0.2602	-0.0235	-0.0103	-0.9644	
737756.146533124	0	0	20	-8	9	4	-108	982	0	0	0	1105	-1906	3075	346	0.1296	-0.0169	0.0593	-0.9888	1	-18	-20	13	35	-16	1003	6.36	-13.02	17.58	726	-1422	1549	394	0.2626	-0.0225	-0.0053	-0.9638	
737756.146533666	0	0	-5	11	-4	-28	6	1045	0	0	0	1015	-2206	3015	345	0.1323	0.0091	0.0501	-0.9889	1	56	25	10	-10	138	942	7.41	-13.17	17.73	726	-1422	1549	382	0.2649	-0.021	-0.007	-0.9629	
737756.146534209	0	0	-7	-14	9	-16	-65	1089	0	0	0	925	-2176	3045	345	0.1409	0.0033	0.0335	-0.9886	1	-4	-17	-6	0	102	1126	6.21	-12.27	18.03	726	-1422	1549	380	0.2674	0.0099	-0.0417	-0.9618	
737756.146534936	0	0	4	9	2	18	-29	1078	0	0	0	970	-2011	2970	344	0.1476	-0.0031	0.0347	-0.9876	1	8	-3	-2	117	199	879	7.11	-14.37	16.24	726	-1422	1549	382	0.2596	-0.022	-0.0575	-0.9628	
737756.14653548	0	0	2	-11	13	4	-76	1072	0	0	0	1075	-2116	2925	345	0.1591	-0.0053	0.0279	-0.986	1	1	-4	5	-35	47	1058	6.21	-13.17	17.43	726	-1422	1549	381	0.2672	-0.0122	-0.044	-0.9616	
737756.146536017	0	0	-15	-6	-3	17	-63	1021	0	0	0	1030	-2101	2970	345	0.1598	-0.015	0.0453	-0.9851	1	-19	-16	-14	56	85	892	5.91	-12.27	17.73	726	-1422	1549	383	0.2643	-0.0169	-0.0309	-0.9629	
737756.146536561	0	0	14	-2	3	4	-74	1032	0	0	0	985	-2236	2895	344	0.1619	-0.0125	0.0355	-0.9853	1	12	18	9	101	77	924	6.06	-14.52	16.98	726	-1422	1549	383	0.2654	-0.0424	-0.0526	-0.9609	
737756.146537088	0	0	-2	-5	3	10	-70	1008	0	0	0	1075	-2086	2955	345	0.1664	-0.0118	0.0373	-0.9845	1	-16	-2	0	-11	79	1102	7.86	-12.42	18.18	726	-1422	1549	383	0.2719	-0.0066	-0.0317	-0.9608	
737756.146537633	0	0	-1	-4	6	27	-118	944	0	0	0	1030	-2221	2940	344	0.1714	-0.0205	0.0446	-0.9831	1	2	3	6	306	-312	535	7.26	-14.22	15.79	726	-1422	1549	408	0.2684	-0.0042	-0.0245	-0.9615	
737756.146538177	0	0	1	10	-3	23	-61	960	0	0	0	1030	-2071	2910	344	0.168	-0.0201	0.0429	-0.9838	1	6	-7	-18	20	5	1126	7.26	-14.22	15.79	561	-1287	1713	447	0.2598	0.0062	-0.0149	-0.9647	
737756.14653872	0	0	-7	5	3	-14	-71	1043	0	0	0	910	-2041	3060	346	0.1684	-0.0055	0.0338	-0.9843	1	4	12	6	12	81	947	7.26	-14.22	15.79	621	-1227	1743	507	0.2537	-0.0066	-0.0434	-0.9654	
737756.146539264	0	0	3	11	1	0	-89	1019	0	0	0	910	-2161	2940	345	0.1683	-0.0048	0.0427	-0.984	1	8	-19	-15	114	41	1037	7.26	-14.22	15.79	711	-1407	1653	527	0.2558	-0.0312	-0.0297	-0.9649	
737756.1465398	0	0	17	18	1	-18	-42	1083	0	0	0	955	-1966	3045	345	0.1711	0.0056	0.0328	-0.9838	1	-12	5	0	67	146	940	6.51	-13.17	17.13	711	-1407	1653	544	0.2577	-0.0144	-0.0706	-0.9627	
737756.146540343	0	0	-18	0	2	-15	-103	1094	0	0	0	1060	-2011	3030	345	0.1762	0.0046	0.0432	-0.9826	1	3	-1	-5	9	130	963	6.66	-14.52	16.98	711	-1407	1653	557	0.2603	-0.0206	-0.0446	-0.9634	
737756.14654107	0	0	11	8	0	-41	-126	1219	0	0	0	1000	-2011	3000	346	0.176	0.008	0.0437	-0.9826	1	-1	0	-3	78	94	986	5.61	-13.77	16.24	711	-1407	1653	561	0.2624	-0.0291	-0.0496	-0.9624	
737756.146541614	0	0	-24	-11	-8	-86	-146	1500	0	0	0	1045	-1996	2985	347	0.1742	0.0136	0.054	-0.9823	1	1	2	2	66	90	987	6.06	-13.32	16.68	711	-1407	1653	562	0.2609	-0.0249	-0.0462	-0.9631	
737756.146542157	0	0	33	-64	-7	-146	-136	1847	0	0	0	925	-2056	2955	349	0.1716	0.0139	0.0372	-0.9835	1	-3	-8	-4	67	88	977	6.06	-13.02	15.79	711	-1407	1653	562	0.2594	-0.0201	-0.0373	-0.964	
737756.146542575	0	0	47	-97	-8	-204	-63	1977	0	0	0	925	-2146	2985	349	0.1698	0.0144	0.0154	-0.9844	1	-2	-1	0	51	79	970	5.76	-12.72	16.98	711	-1407	1653	561	0.2599	-0.0175	-0.0429	-0.9637	
737756.146543083	0	0	23	-198	1	-197	-22	2298	0	0	0	685	-2506	2776	350	0.1622	-0.006	-0.0086	-0.9858	1	-2	-2	1	11	20	949	5.01	-12.87	17.43	711	-1407	1653	556	0.2601	-0.0164	-0.0354	-0.9639	
737756.146543619	0	0	83	-299	-1	-182	-102	1752	0	0	0	400	-2971	2221	349	0.1513	-0.0569	-0.0253	-0.9856	1	-5	5	2	74	107	892	5.91	-13.77	17.43	711	-1407	1653	546	0.2578	-0.0199	-0.0532	-0.9637	
737756.146544346	0	0	-48	-410	12	-179	11	835	0	0	0	145	-3525	1187	347	0.1312	-0.1365	-0.043	-0.9797	1	4	-3	-3	35	11	921	4.56	-12.72	17.88	711	-1407	1653	543	0.2529	-0.0203	-0.0297	-0.966	
737756.14654489	0	0	-30	-407	-16	-109	-234	231	0	0	0	105	-3685	-48	348	0.1164	-0.2176	0.0152	-0.9674	1	5	5	8	58	54	965	4.71	-13.47	16.83	711	-1407	1653	540	0.2497	-0.0257	-0.043	-0.9662	
737756.146545433	0	0	-15	-372	-26	-19	-45	-84	0	0	0	-89	-3550	-1322	349	0.1214	-0.3188	0.0828	-0.9351	1	-3	0	0	37	37	980	5.31	-13.47	17.43	711	-1407	1653	538	0.2485	-0.019	-0.0239	-0.9673	
737756.146545976	0	0	-104	-360	-31	69	197	-601	0	0	0	-443	-2803	-2346	350	0.063	-0.5558	0.0692	-0.8245	1	2	1	2	40	52	996	4.86	-14.82	17.28	711	-1407	1653	539	0.2426	-0.018	-0.0349	-0.9685	
737756.146546695	0	0	62	-192	-30	71	390	-1577	0	0	0	-374	-2027	-2919	352	0.0345	-0.7574	0.0281	-0.6494	1	-2	4	1	54	65	951	5.61	-12.57	17.13	711	-1407	1653	541	0.2411	-0.0178	-0.0321	-0.969	
737756.146547239	0	0	-2	17	42	312	508	-1374	0	0	0	-195	-1788	-3248	352	0.004	-0.8365	0.0065	-0.5456	1	0	-1	-1	32	3	990	6.21	-12.87	18.93	711	-1407	1653	540	0.2434	-0.0158	-0.0114	-0.9689	
737756.146547783	0	0	-46	131	50	484	47	-723	0	0	0	-225	-1998	-3128	349	-0.0119	-0.8582	0.0281	-0.5105	1	-4	1	-1	64	66	995	5.46	-12.72	16.98	711	-1407	1653	537	0.2379	-0.0189	-0.0258	-0.9699	
737756.146548197	0	0	-9	157	33	625	-142	-434	0	0	0	-225	-2207	-2978	348	-0.0185	-0.8475	0.037	-0.5275	1	-3	-4	-4	24	30	1026	6.06	-12.42	16.98	711	-1407	1653	536	0.2364	-0.0119	-0.0221	-0.9705	
737756.146548643	0	0	-8	167	12	492	182	-511	0	0	0	-300	-2522	-2574	347	-0.0284	-0.8381	0.0362	-0.5417	1	0	-5	0	52	80	930	5.16	-13.62	17.58	711	-1407	1653	535	0.2363	-0.015	-0.0382	-0.9699	
737756.14654937	0	0	-37	220	38	475	125	-416	0	0	0	-120	-3002	-2304	346	-0.0527	-0.8189	0.0436	-0.5682	1	-5	-2	-4	26	43	1000	5.61	-11.97	17.73	711	-1407	1653	529	0.2414	-0.0108	-0.027	-0.9691	
737756.146549913	0	0	-40	277	40	395	28	-20	0	0	0	-105	-3467	-1479	345	-0.0456	-0.7569	0.0634	-0.6472	1	8	-5	0	64	48	928	5.61	-14.07	16.24	711	-1407	1653	525	0.2409	-0.0213	-0.0369	-0.9688	
737756.146550457	0	0	0	322	51	263	-112	156	0	0	0	-53	-3665	-711	346	-0.0217	-0.5964	0.1201	-0.7911	1	-2	2	-4	61	46	972	5.91	-13.17	18.03	711	-1407	1653	522	0.2409	-0.0232	-0.0286	-0.969	
737756.14655118	0	0	-52	344	45	-19	-74	1073	0	0	0	388	-3657	422	346	-0.0088	-0.3056	0.1036	-0.9446	1	0	-4	1	11	3	1008	6.06	-14.52	16.68	711	-1407	1653	517	0.2374	-0.016	-0.0195	-0.9702	
737756.146551719	0	0	1	281	71	-19	-323	1261	0	0	0	658	-3387	1261	348	0.0136	-0.0759	0.1213	-0.9887	1	-10	0	-4	71	70	965	4.86	-12.27	17.73	711	-1407	1653	512	0.2299	-0.0214	-0.0297	-0.9717	
737756.146552263	0	0	31	264	4	-131	-477	1620	0	0	0	883	-2862	1936	348	0.0225	0.0409	0.135	-0.9889	1	0	-1	-2	17	10	982	6.51	-13.77	18.03	711	-1407	1653	504	0.2347	-0.0161	-0.018	-0.9709	
737756.146552807	0	0	63	138	66	-137	-251	2090	0	0	0	967	-2412	2489	349	0.0408	0.0992	0.0738	-0.9906	1	3	-3	-1	62	101	949	4.86	-13.62	16.38	711	-1407	1653	502	0.2349	-0.0162	-0.0401	-0.9702	
737756.146553351	0	0	-13	72	-26	-155	-43	1927	0	0	0	952	-2128	2744	349	0.042	0.0885	0.0776	-0.9911	1	3	-2	1	33	67	979	5.76	-13.32	18.78	711	-1407	1653	496	0.2429	-0.0132	-0.0389	-0.9683	
737756.146553886	0	0	1	-16	36	-51	-36	1703	0	0	0	1102	-2038	3104	347	0.0643	0.0441	0.0436	-0.9951	1	-9	5	0	60	99	953	5.46	-14.52	17.88	711	-1407	1653	483	0.2467	-0.0131	-0.0457	-0.9671	
737756.146554273	0	0	45	-15	5	47	-278	1222	0	0	0	982	-2038	3074	348	0.0773	0.0094	0.0773	-0.993	1	-16	6	3	41	72	953	6.21	-14.97	16.83	711	-1407	1653	459	0.2484	-0.0122	-0.0443	-0.9667	
737756.146555006	0	0	-3	-22	16	5	-149	1096	0	0	0	967	-2173	3059	348	0.1042	-0.012	0.0315	-0.993	1	3	-13	2	66	15	969	6.21	-14.97	16.83	666	-1362	1698	418	0.2519	-0.0291	-0.0084	-0.9664	
737756.146555549	0	0	5	-12	0	57	-101	969	0	0	0	937	-2203	3119	347	0.1114	-0.0285	0.0586	-0.9908	1	-13	3	18	70	93	991	6.21	-14.97	16.83	636	-1422	1698	393	0.2561	-0.0325	-0.0247	-0.9649	
737756.146556093	0	0	-8	-18	10	26	-128	978	0	0	0	952	-2158	3134	346	0.1207	-0.0272	0.0495	-0.9902	1	40	0	6	94	27	927	7.41	-13.17	16.83	636	-1422	1698	381	0.2603	-0.0132	-0.021	-0.9643	
737756.146556636	0	0	0	2	-3	16	-51	964	0	0	0	877	-2233	2999	346	0.1225	-0.0209	0.0469	-0.9903	1	-16	-3	1	-18	-41	1030	6.51	-12.87	18.63	636	-1422	1698	380	0.2657	-0.0005	-0.0152	-0.963	
737756.146557171	0	0	0	-1	10	15	-31	1038	0	0	0	907	-2053	2969	346	0.1368	-0.0102	0.0235	-0.9894	1	-5	-2	-7	78	59	955	6.66	-13.02	17.58	636	-1422	1698	382	0.2632	-0.0111	-0.0199	-0.9636	
737756.146557899	0	0	2	8	-3	33	-10	1090	0	0	0	997	-2263	2939	347	0.143	-0.0113	0.0303	-0.9883	1	-5	-6	3	-18	58	1087	5.91	-11.97	18.03	636	-1422	1698	382	0.2683	-0.0001	-0.0361	-0.9617	
737756.146558443	0	0	0	-11	9	42	-110	1001	0	0	0	997	-2113	2939	346	0.154	-0.0212	0.0272	-0.9865	1	-14	-13	-9	44	14	941	7.56	-12.72	17.58	636	-1422	1698	383	0.2694	-0.0136	-0.0169	-0.9619	
737756.146558986	0	0	-2	4	-7	43	-43	1031	0	0	0	802	-2188	2984	347	0.1512	-0.0279	0.0332	-0.9867	1	3	14	8	83	50	892	6.96	-13.02	17.88	636	-1422	1698	383	0.2731	-0.029	-0.0368	-0.96	
737756.146559522	0	0	0	-15	12	20	-66	1043	0	0	0	937	-2173	3029	346	0.1621	-0.0193	0.0158	-0.9856	1	-11	-5	-2	-9	28	1064	6.81	-12.57	18.63	636	-1422	1698	383	0.2744	-0.0043	-0.0166	-0.9606	
737756.146559946	0	0	-7	0	-2	31	-41	956	0	0	0	982	-2098	2924	346	0.1623	-0.0224	0.0325	-0.9851	1	-12	-36	0	42	152	1034	8.01	-13.47	17.43	636	-1422	1698	383	0.2713	-0.007	-0.0339	-0.961	
737756.146560456	0	0	7	0	10	43	-6	1027	0	0	0	802	-2188	2894	346	0.1637	-0.02	0.0066	-0.9855	1	32	25	-6	-188	-1	944	6.81	-12.57	17.13	636	-1422	1698	432	0.2765	0.004	-0.0077	-0.9598	
737756.146561001	0	0	-22	0	-4	33	-90	910	0	0	0	937	-2173	2939	346	0.1663	-0.0287	0.0464	-0.9837	1	4	-3	-32	49	4	1055	6.81	-12.57	17.13	651	-1287	1833	497	0.2598	0.0014	-0.0059	-0.9647	
737756.146561544	0	0	3	14	7	35	-24	1055	0	0	0	997	-2083	3059	346	0.1684	-0.018	0.0231	-0.9844	1	6	7	7	-56	62	962	4.71	-13.47	17.43	651	-1287	1833	528	0.25	0.0015	-0.0365	-0.9666	
737756.14656208	0	0	2	13	-3	-2	-80	1025	0	0	0	802	-2188	2984	346	0.1676	-0.0094	0.0407	-0.9841	1	-3	-1	-4	122	15	931	5.16	-13.62	16.98	651	-1287	1833	553	0.2427	-0.0172	-0.01	-0.9689	
737756.146562627	0	0	-6	1	4	8	-84	1078	0	0	0	967	-2023	2879	348	0.1691	-0.0072	0.033	-0.9842	1	-4	3	-5	54	78	1032	6.51	-13.17	15.94	651	-1287	1833	559	0.2407	-0.0079	-0.0198	-0.9695	
737756.14656335	0	0	8	12	-4	-10	-39	1069	0	0	0	877	-2023	3179	347	0.1661	-0.0005	0.0291	-0.9848	1	0	3	0	126	75	940	6.06	-13.62	17.58	651	-1287	1833	563	0.2388	-0.0248	-0.0426	-0.9689	
737756.146563894	0	0	-9	0	2	-39	-88	1140	0	0	0	907	-2053	3149	347	0.169	0.0047	0.0316	-0.9843	1	-4	-4	-3	58	57	982	6.51	-13.77	18.63	651	-1287	1833	564	0.2448	-0.0188	-0.023	-0.9683	
737756.146564437	0	0	8	7	-6	-93	-90	1444	0	0	0	997	-2053	3059	348	0.1683	0.0187	0.042	-0.9838	1	7	-2	5	24	49	952	6.96	-13.92	18.78	651	-1287	1833	561	0.2487	-0.0177	-0.0319	-0.967	
737756.146565155	0	0	22	-69	-3	-182	-170	2162	0	0	0	892	-2128	3044	348	0.167	0.0274	0.0267	-0.9844	1	-1	-2	-1	44	66	938	4.86	-12.72	16.98	651	-1287	1833	561	0.2481	-0.0178	-0.0346	-0.9671	
737756.146565699	0	0	63	-152	-14	-211	37	2248	0	0	0	757	-2233	2879	350	0.1585	0.0088	-0.0018	-0.9864	1	0	0	3	23	44	970	6.36	-13.02	17.88	651	-1287	1833	557	0.2554	-0.0108	-0.0365	-0.9652	
737756.146566184	0	0	124	-224	19	-157	50	1988	0	0	0	382	-2547	2894	348	0.1551	-0.0134	-0.0449	-0.9859	1	0	1	0	49	99	908	5.76	-13.32	16.98	651	-1287	1833	556	0.2536	-0.0095	-0.0455	-0.9653	
737756.146566904	0	0	1	-372	35	-77	-11	1215	0	0	0	83	-3267	1844	346	0.1424	-0.1051	-0.0606	-0.9813	1	2	3	2	45	43	933	6.51	-14.07	18.03	651	-1287	1833	551	0.2549	-0.0121	-0.0319	-0.9655	
737756.146567448	0	0	-23	-423	14	-128	-55	748	0	0	0	172	-3687	446	345	0.1271	-0.1845	-0.0353	-0.9727	1	0	8	5	11	0	1000	6.36	-13.02	17.88	651	-1287	1833	548	0.2522	-0.0094	-0.0237	-0.9664	
737756.146567991	0	0	-32	-438	8	-138	29	105	0	0	0	22	-3597	-662	346	0.111	-0.2373	-0.0331	-0.9627	1	-5	5	2	31	24	996	5.31	-13.17	17.73	651	-1287	1833	546	0.2449	-0.0118	-0.022	-0.9684	
737756.146568709	0	0	-107	-355	6	72	149	-534	0	0	0	-191	-2869	-2230	349	0.0463	-0.4803	-0.0794	-0.8709	1	-1	0	2	20	59	1005	4.86	-13.62	17.88	651	-1287	1833	546	0.2413	-0.0074	-0.0261	-0.9692	
737756.146569253	0	0	-20	-261	0	56	256	-887	0	0	0	-382	-2148	-2825	352	-0.002	-0.6657	-0.0988	-0.7379	1	-7	3	-1	9	13	981	6.66	-12.42	18.48	651	-1287	1833	542	0.241	-0.0019	-0.0124	-0.9696	
737756.146569797	0	0	33	-116	16	178	373	-1563	0	0	0	-352	-1549	-3154	352	-0.0303	-0.7893	-0.1231	-0.5987	1	1	0	1	23	27	965	6.51	-12.57	18.93	651	-1287	1833	542	0.2424	-0.0063	-0.0173	-0.9692	
737756.146570341	0	0	-16	37	36	508	138	-1061	0	0	0	-202	-1489	-3184	350	-0.0276	-0.8454	-0.1314	-0.515	1	0	0	-6	9	23	988	6.66	-12.42	17.58	651	-1287	1833	543	0.2417	-0.0028	-0.0067	-0.9695	
737756.146570877	0	0	-24	104	55	711	-48	-676	0	0	0	-127	-1684	-3169	349	-0.0142	-0.858	-0.1116	-0.4993	1	1	-4	-3	30	60	1012	5.31	-11.97	18.03	651	-1287	1833	540	0.2412	-0.006	-0.0272	-0.9692	
737756.1465713	0	0	-17	136	19	719	35	-536	0	0	0	-157	-1983	-3109	347	0.007	-0.8551	-0.0883	-0.5091	1	-2	-9	-6	12	66	996	7.11	-12.57	18.63	651	-1287	1833	535	0.2442	-0.0003	-0.0235	-0.9686	
737756.146571766	0	0	6	158	-7	552	104	-639	0	0	0	-172	-2148	-2915	347	0.0046	-0.8522	-0.0903	-0.5136	1	-1	-1	1	46	88	948	5.01	-11.38	17.13	651	-1287	1833	527	0.2442	-0.0075	-0.042	-0.9679	
737756.146572494	0	0	-21	223	38	445	87	-454	0	0	0	-127	-2703	-2210	346	0.0085	-0.8382	-0.0913	-0.5359	1	-3	-4	-4	10	45	957	6.21	-13.77	17.13	651	-1287	1833	519	0.2441	-0.0044	-0.0274	-0.9685	
737756.146573038	0	0	-17	311	47	307	52	-199	0	0	0	-37	-3333	-1730	344	0.0146	-0.806	-0.0756	-0.5853	1	4	-7	0	38	56	944	6.96	-12.42	16.68	651	-1287	1833	513	0.2469	-0.0121	-0.0323	-0.9676	
737756.146573581	0	0	-33	338	59	124	-50	280	0	0	0	117	-3614	-697	344	0.0563	-0.6742	-0.0239	-0.7336	1	-14	9	1	66	48	990	5.76	-12.12	18.18	651	-1287	1833	499	0.2442	-0.0168	-0.0283	-0.9683	
737756.146574117	0	0	3	363	95	39	-182	649	0	0	0	357	-3614	173	345	0.0869	-0.522	0.0165	-0.8463	1	9	-7	3	0	0	979	6.06	-13.02	18.18	651	-1287	1833	499	0.2455	-0.0102	-0.0118	-0.9684	
737756.146574843	0	0	22	312	47	-115	-251	1271	0	0	0	687	-3375	953	348	0.1354	-0.2288	0.0737	-0.9594	1	-9	1	-3	44	49	974	6.36	-12.42	18.18	651	-1287	1833	495	0.2402	-0.0123	-0.0195	-0.9696	
737756.146575388	0	0	36	228	36	-105	-621	1816	0	0	0	922	-2805	1876	350	0.1533	-0.0232	0.0843	-0.9834	1	4	-1	2	12	26	989	7.41	-11.97	17.43	651	-1287	1833	487	0.2485	-0.0072	-0.0156	-0.9676	
737756.146575934	0	0	26	110	23	-49	127	2247	0	0	0	1042	-2415	2536	350	0.1432	0.0556	0.0428	-0.9862	1	-8	-1	-7	31	69	985	6.36	-12.72	19.08	651	-1287	1833	471	0.246	-0.0069	-0.0278	-0.968	
737756.146576467	0	0	39	59	-12	-20	-349	1562	0	0	0	1132	-2145	2986	350	0.1517	0.0297	0.074	-0.9843	1	-16	6	-2	78	93	957	6.96	-12.42	17.28	651	-1287	1833	443	0.2535	-0.0136	-0.037	-0.9657	
737756.146577193	0	0	11	-22	38	79	-221	1515	0	0	0	1072	-1995	2896	347	0.1688	0.0034	0.0313	-0.9841	1	-13	-13	-3	37	-2	933	6.96	-12.42	17.28	756	-1332	1519	401	0.2548	-0.0191	-0.0054	-0.966	
737756.146577587	0	0	5	-31	-3	90	-191	1104	0	0	0	1161	-2115	3076	346	0.1727	-0.0338	0.0631	-0.9815	1	-6	-4	5	79	98	902	6.96	-12.42	17.28	786	-1332	1788	383	0.2541	-0.0251	-0.0234	-0.9657	
737756.146578142	0	0	0	-8	20	100	-195	997	0	0	0	997	-2130	3001	345	0.177	-0.0511	0.0463	-0.9808	1	43	28	15	-82	13	938	7.56	-12.12	17.88	786	-1332	1788	380	0.2654	-0.0296	-0.009	-0.9625	
737756.146578677	0	0	-2	-4	-8	83	-149	1010	0	0	0	1147	-1980	3031	346	0.1786	-0.0578	0.0705	-0.9788	1	-28	-18	-7	-28	44	1038	6.51	-13.17	16.83	786	-1332	1788	381	0.2637	-0.0004	-0.0066	-0.9637	
737756.146579404	0	0	5	4	0	67	-171	921	0	0	0	1176	-2130	2971	347	0.1814	-0.0505	0.0608	-0.9793	1	5	-1	0	99	35	878	6.96	-13.32	17.28	786	-1332	1788	383	0.2565	-0.0318	-0.0077	-0.9651	
737756.146579948	0	0	2	3	0	58	8	1086	0	0	0	997	-2100	3001	345	0.1772	-0.0362	0.0263	-0.9822	1	14	8	3	-74	71	1116	6.21	-12.87	18.03	786	-1332	1788	382	0.2593	-0.0117	-0.0146	-0.9646	
737756.14658049	0	0	-2	-10	8	54	-81	1014	0	0	0	1087	-2160	2941	346	0.1823	-0.0325	0.0277	-0.9815	1	-12	-20	-6	56	25	903	7.26	-13.02	18.18	786	-1332	1788	382	0.2575	-0.0147	-0.0164	-0.9652	
737756.146581035	0	0	-3	10	-7	63	-8	1019	0	0	0	1027	-2130	3001	348	0.1813	-0.0352	0.0305	-0.9814	1	15	14	6	72	58	937	6.51	-13.17	16.83	786	-1332	1788	381	0.2594	-0.0264	-0.0314	-0.964	
737756.14658157	0	0	16	3	0	64	-119	990	0	0	0	1102	-2085	2986	346	0.1869	-0.0326	0.029	-0.9805	1	-19	9	-6	-42	34	1076	7.11	-14.37	18.03	786	-1332	1788	382	0.2601	-0.0042	-0.021	-0.9645	
737756.146582297	0	0	-8	1	3	42	30	1188	0	0	0	1147	-2070	2971	346	0.1882	-0.0205	0.0125	-0.981	1	12	4	7	106	61	909	6.66	-14.22	16.98	786	-1332	1788	383	0.2602	-0.0288	-0.0313	-0.9637	
737756.146582841	0	0	3	-2	-3	49	-73	967	0	0	0	1057	-1980	2971	344	0.1936	-0.0273	0.0303	-0.9794	1	-11	2	0	-17	89	1146	6.66	-14.22	16.98	786	-1332	1788	383	0.2638	-0.0112	-0.0246	-0.9633	
737756.146583362	0	0	1	7	0	45	-3	1027	0	0	0	907	-2070	3031	345	0.194	-0.0249	0.0156	-0.9797	1	66	-21	-18	-87	34	906	6.66	-13.32	16.98	786	-1332	1788	426	0.2616	-0.0025	-0.0177	-0.964	
737756.146583906	0	0	-10	0	-1	24	-113	1029	0	0	0	1117	-1980	3031	345	0.1988	-0.0224	0.0384	-0.9781	1	-18	20	2	34	66	983	6.66	-13.32	16.98	501	-1287	1773	471	0.2559	-0.0135	-0.0402	-0.9649	
737756.146584452	0	0	8	1	0	26	-20	1127	0	0	0	1117	-2100	3001	346	0.1986	-0.0154	0.0203	-0.9789	1	1	-2	-2	104	3	1038	6.66	-13.32	16.98	666	-1362	1938	497	0.2558	-0.0195	-0.0288	-0.9652	
737756.146584994	0	0	-6	-6	-3	30	-82	1092	0	0	0	982	-2055	3106	347	0.2009	-0.0195	0.0293	-0.9781	1	9	-7	-7	52	-68	901	5.01	-14.37	18.33	666	-1362	1938	522	0.2451	-0.0063	-0.0007	-0.9685	
737756.146585538	0	0	-2	-9	1	25	-25	1178	0	0	0	982	-2055	2986	346	0.1999	-0.0182	0.017	-0.9787	1	4	4	2	-46	-1	918	6.06	-13.92	17.28	666	-1362	1938	548	0.2387	-0.0082	0.0014	-0.9702	
737756.146586074	0	0	3	-10	-9	8	-109	1314	0	0	0	907	-2100	3061	347	0.1984	-0.0185	0.0298	-0.9787	1	-2	5	1	97	4	916	5.61	-13.47	16.83	666	-1362	1938	561	0.2347	-0.0194	-0.0253	-0.9706	
737756.146586616	0	0	15	-20	-11	-62	-80	1693	0	0	0	832	-2265	2986	347	0.1939	-0.0077	0.0231	-0.9799	1	9	-3	0	116	73	961	6.21	-13.77	16.53	666	-1362	1938	575	0.2352	-0.0297	-0.0328	-0.9701	
737756.146587344	0	0	42	-125	2	-30	-15	1911	0	0	0	847	-2340	3001	349	0.1898	-0.0172	-0.0078	-0.9808	1	0	11	4	36	90	983	5.01	-12.27	18.03	666	-1362	1938	590	0.237	-0.021	-0.0388	-0.9696	
737756.146587888	0	0	42	-125	2	-30	-15	1911	0	0	0	847	-2340	3001	349	0.1898	-0.0172	-0.0078	-0.9808	1	0	11	4	36	90	983	5.01	-12.27	18.03	666	-1362	1938	590	0.237	-0.021	-0.0388	-0.9696	
737756.146588424	0	0	42	-125	2	-30	-15	1911	0	0	0	847	-2340	3001	349	0.1898	-0.0172	-0.0078	-0.9808	1	0	11	4	36	90	983	5.01	-12.27	18.03	666	-1362	1938	590	0.237	-0.021	-0.0388	-0.9696	
737756.146588814	0	0	42	-125	2	-30	-15	1911	0	0	0	847	-2340	3001	349	0.1898	-0.0172	-0.0078	-0.9808	1	0	11	4	36	90	983	5.01	-12.27	18.03	666	-1362	1938	590	0.237	-0.021	-0.0388	-0.9696	
737756.146589323	0	0	42	-125	2	-30	-15	1911	0	0	0	847	-2340	3001	349	0.1898	-0.0172	-0.0078	-0.9808	1	0	11	4	36	90	983	5.01	-12.27	18.03	666	-1362	1938	590	0.237	-0.021	-0.0388	-0.9696	
737756.146589867	0	0	42	-125	2	-30	-15	1911	0	0	0	847	-2340	3001	349	0.1898	-0.0172	-0.0078	-0.9808	1	0	11	4	36	90	983	5.01	-12.27	18.03	666	-1362	1938	590	0.237	-0.021	-0.0388	-0.9696	
737756.146590411	0	0	42	-125	2	-30	-15	1911	0	0	0	847	-2340	3001	349	0.1898	-0.0172	-0.0078	-0.9808	1	0	11	4	36	90	983	5.01	-12.27	18.03	666	-1362	1938	590	0.237	-0.021	-0.0388	-0.9696	
737756.146591128	0	0	-57	-338	-7	50	204	-755	0	0	0	-252	-2271	-2787	352	0.0852	-0.508	-0.0474	-0.8543	1	-6	2	4	17	65	950	4.71	-13.47	17.73	666	-1362	1938	579	0.2311	-0.0063	-0.0396	-0.9713	
737756.146591672	0	0	30	-136	0	114	427	-1955	0	0	0	-192	-1581	-3236	356	0.0517	-0.6741	-0.083	-0.7303	1	0	-1	0	11	24	958	5.91	-11.97	18.33	666	-1362	1938	582	0.2347	-0.0036	-0.0205	-0.971	
737756.146592216	0	0	-14	53	43	485	169	-1011	0	0	0	-114	-1286	-3383	352	0.0353	-0.7494	-0.0922	-0.653	1	-1	0	-3	23	24	964	5.61	-13.17	18.63	666	-1362	1938	582	0.2299	-0.0083	-0.0205	-0.9721	
737756.14659276	0	0	-38	103	49	651	24	-583	0	0	0	-129	-1631	-3158	350	0.0235	-0.771	-0.0777	-0.6301	1	0	-4	0	28	59	1028	5.61	-11.97	18.03	666	-1362	1938	580	0.2319	-0.0101	-0.0286	-0.9714	
737756.146593304	0	0	13	146	1	633	-297	-399	0	0	0	-69	-2021	-2888	346	0.0611	-0.7723	-0.0352	-0.6298	1	-3	-4	-1	28	98	998	4.86	-13.92	18.78	666	-1362	1938	577	0.2261	-0.0054	-0.0439	-0.9723	
737756.14659384	0	0	-30	101	-19	379	88	-740	0	0	0	-39	-2231	-2708	346	0.0363	-0.7828	-0.0438	-0.618	1	-2	-8	-2	34	88	946	5.01	-11.38	17.73	666	-1362	1938	564	0.2285	-0.0044	-0.0401	-0.9719	
737756.146594388	0	0	7	214	13	464	29	-783	0	0	0	-24	-2485	-2514	347	0.0225	-0.79	-0.0475	-0.6092	1	-4	0	3	27	64	966	4.26	-13.92	17.58	666	-1362	1938	556	0.2278	-0.009	-0.0463	-0.9717	
737756.146594962	0	0	-63	281	28	322	37	-384	0	0	0	-39	-2984	-1896	344	0.0115	-0.7676	-0.0467	-0.6375	1	-1	-6	-4	54	82	930	4.71	-13.77	17.13	666	-1362	1938	548	0.2275	-0.0099	-0.0333	-0.9723	
737756.146595689	0	0	-6	325	58	105	1	147	0	0	0	110	-3674	-727	344	0.0077	-0.5911	-0.015	-0.8043	1	-5	0	-1	52	47	978	4.26	-13.62	16.98	666	-1362	1938	540	0.2248	-0.0183	-0.032	-0.9729	
737756.146596232	0	0	-31	394	66	-142	-76	561	0	0	0	317	-3636	4	345	0.0413	-0.4131	0.035	-0.9072	1	-4	0	6	33	23	976	6.51	-13.17	16.53	666	-1362	1938	536	0.2265	-0.0171	-0.023	-0.9727	
737756.146596777	0	0	31	355	89	-154	-497	1064	0	0	0	691	-3171	1218	348	0.0818	-0.1482	0.0804	-0.9809	1	4	-15	0	18	25	982	5.46	-13.62	17.58	666	-1362	1938	525	0.2249	-0.0135	-0.016	-0.9733	
737756.14659732	0	0	28	294	51	-368	4	2351	0	0	0	928	-2844	2135	348	0.0955	0.0727	0.0793	-0.9887	1	-11	6	1	51	84	960	6.21	-13.47	18.33	666	-1362	1938	502	0.2237	-0.0145	-0.0337	-0.9731	
737756.146597855	0	0	74	145	27	-183	-679	2114	0	0	0	1003	-2410	2420	350	0.109	0.1068	0.075	-0.9844	1	6	-11	-8	22	36	997	5.91	-12.57	17.43	666	-1362	1938	503	0.2288	-0.0098	-0.0233	-0.9723	
737756.146598403	0	0	-50	34	27	-78	-3	2208	0	0	0	1090	-2111	2995	349	0.1098	0.0792	0.0645	-0.9876	1	1	5	-1	75	116	941	5.91	-13.47	15.64	666	-1362	1938	505	0.229	-0.0145	-0.047	-0.9713	
737756.146599125	0	0	66	-7	-25	21	-99	1470	0	0	0	1135	-2096	2950	348	0.1205	0.0072	0.0603	-0.9899	1	-2	0	-6	19	35	960	6.51	-13.77	16.83	666	-1362	1938	474	0.2366	-0.0093	-0.0321	-0.9702	
737756.146599669	0	0	-4	-37	13	31	-82	1109	0	0	0	1135	-2216	2890	348	0.1398	-0.017	0.0146	-0.989	1	0	-3	5	76	62	903	5.01	-14.07	17.13	666	-1362	1938	472	0.237	-0.026	-0.0451	-0.9693	
737756.146600205	0	0	18	-13	-3	48	-43	1005	0	0	0	955	-2276	2920	346	0.1451	-0.0415	0.0387	-0.9869	1	4	3	6	61	24	960	4.41	-13.77	17.43	666	-1362	1938	470	0.236	-0.0258	-0.0321	-0.97	
737756.146600724	0	0	11	-18	14	105	-115	958	0	0	0	1030	-2171	3055	345	0.1535	-0.0502	0.0377	-0.9853	1	-2	7	-2	33	40	991	5.01	-13.47	18.33	666	-1362	1938	450	0.2323	-0.0151	-0.0196	-0.9715	
737756.146601267	0	0	-30	-15	0	72	-81	900	0	0	0	1105	-2336	2800	345	0.1553	-0.0576	0.0517	-0.984	1	-10	5	18	38	52	1023	5.01	-13.47	18.33	636	-1242	1818	406	0.2419	-0.0152	-0.0296	-0.9689	
737756.146601803	0	0	17	5	1	45	-133	947	0	0	0	940	-2291	2785	344	0.1606	-0.0373	0.0413	-0.9846	1	-6	-11	16	-211	187	911	5.01	-13.47	18.33	786	-1242	1728	383	0.2544	0.0111	-0.0107	-0.9657	
737756.146602345	0	0	-12	7	-10	44	6	1026	0	0	0	925	-2276	2980	346	0.1577	-0.0283	0.0308	-0.9857	1	7	0	6	-49	-10	1062	6.96	-13.02	18.78	786	-1242	1728	383	0.2646	0.0017	-0.019	-0.9632	
737756.146602888	0	0	10	0	2	63	-120	1032	0	0	0	985	-2216	2770	345	0.1669	-0.027	0.0285	-0.9843	1	-18	-2	-3	-39	78	984	7.11	-13.17	16.83	786	-1242	1728	383	0.2633	0.0059	-0.0189	-0.9636	
737756.146603432	0	0	-7	2	-3	73	20	1066	0	0	0	881	-2171	2935	346	0.1657	-0.033	0.0136	-0.9846	1	19	-4	1	84	59	895	5.91	-13.17	17.73	786	-1242	1728	383	0.2649	-0.0185	-0.0355	-0.9625	
737756.146603976	0	0	0	0	2	81	-123	1014	0	0	0	970	-2261	2785	346	0.1741	-0.0393	0.0266	-0.9827	1	-12	-2	-4	33	67	1022	5.46	-13.02	17.88	786	-1242	1728	383	0.2665	-0.0082	-0.0379	-0.9622	
737756.14660452	0	0	8	6	-4	71	34	1117	0	0	0	970	-2261	3025	346	0.1709	-0.0336	0.008	-0.9838	1	1	-14	-5	58	55	925	6.06	-13.02	17.88	786	-1242	1728	382	0.2634	-0.016	-0.0316	-0.9632	
737756.146605064	0	0	-1	-4	2	66	-120	1011	0	0	0	1015	-2156	2980	346	0.1817	-0.0328	0.0252	-0.9816	1	6	10	7	52	52	977	6.66	-14.82	17.58	786	-1242	1728	382	0.2647	-0.0263	-0.045	-0.9621	
737756.146605605	0	0	0	0	-1	65	17	1061	0	0	0	985	-2306	2950	344	0.1791	-0.0343	0.0097	-0.9823	1	-5	-11	-4	18	61	999	5.46	-13.32	18.48	786	-1242	1728	383	0.2638	-0.0068	-0.0308	-0.9632	
737756.146606024	0	0	0	-10	7	58	-98	1012	0	0	0	895	-2186	2950	346	0.1851	-0.0343	0.0189	-0.9811	1	7	-14	3	91	51	932	6.66	-12.42	16.98	786	-1242	1728	383	0.266	-0.0213	-0.0363	-0.9622	
737756.146606512	0	0	-1	3	-1	77	-46	984	0	0	0	866	-2246	2905	344	0.1842	-0.0413	0.0238	-0.9809	1	-5	5	0	56	57	973	6.21	-13.77	17.13	786	-1242	1728	382	0.2669	-0.0187	-0.0296	-0.9622	
737756.14660724	0	0	-6	-7	4	68	-109	979	0	0	0	1015	-2126	2950	344	0.1905	-0.0376	0.024	-0.9798	1	-1	0	-2	37	33	953	7.26	-13.62	17.28	786	-1242	1728	383	0.2655	-0.013	-0.0234	-0.9629	
737756.146607784	0	0	-1	7	-2	76	-48	993	0	0	0	1000	-2231	2875	343	0.1876	-0.0425	0.0254	-0.9802	1	6	-5	0	62	71	934	6.66	-12.87	18.03	786	-1242	1728	383	0.266	-0.0197	-0.035	-0.9623	
737756.14660832	0	0	-6	-3	3	57	-30	1019	0	0	0	881	-2111	2935	343	0.1882	-0.0332	0.0095	-0.9807	1	3	4	7	52	83	968	6.21	-13.77	16.53	786	-1242	1728	382	0.2672	-0.0191	-0.0503	-0.9613	
737756.146608862	0	0	-6	-2	0	67	-77	910	0	0	0	1075	-2156	3040	341	0.1904	-0.0408	0.0296	-0.9796	1	-9	-20	-11	14	34	994	5.91	-14.07	17.73	786	-1242	1728	383	0.2621	-0.0054	-0.0339	-0.9636	
737756.146609589	0	0	34	20	3	44	-20	1094	0	0	0	1000	-2141	3055	341	0.1927	-0.0256	0.0091	-0.98	1	0	-14	1	105	104	901	6.66	-15.12	16.38	786	-1242	1728	383	0.2572	-0.0308	-0.0553	-0.9634	
737756.146610134	0	0	1	-7	-3	55	-19	1119	0	0	0	985	-2246	2890	340	0.1916	-0.0218	0.0074	-0.9804	1	-8	7	0	43	73	965	6.51	-14.07	16.24	786	-1242	1728	383	0.265	-0.0204	-0.0493	-0.9619	
737756.146610677	0	0	7	-9	1	58	-4	1001	0	0	0	910	-2291	2965	339	0.191	-0.0293	-0.0009	-0.9803	1	-17	-2	-1	70	53	926	6.81	-14.97	17.73	786	-1242	1728	382	0.2633	-0.0255	-0.0328	-0.963	
737756.14661122	0	0	37	15	-1	63	-48	1003	0	0	0	910	-2201	2935	335	0.1937	-0.0319	0.0057	-0.9797	1	9	0	9	113	22	921	5.91	-13.77	17.43	786	-1242	1728	381	0.2647	-0.0457	-0.0358	-0.9617	
737756.146611939	0	0	-10	-14	-4	65	36	1118	0	0	0	791	-2231	3205	335	0.1897	-0.0278	-0.0139	-0.9805	1	-31	0	-11	82	2	1041	6.06	-14.52	16.98	786	-1242	1728	382	0.2607	-0.0325	-0.0156	-0.9639	
737756.146612449	0	0	12	-16	5	58	37	964	0	0	0	836	-2216	2920	333	0.1928	-0.0335	-0.0222	-0.9796	1	-18	-17	-7	111	25	982	6.96	-13.92	16.98	786	-1242	1728	381	0.2548	-0.047	-0.0161	-0.9649	
737756.146613177	0	0	-7	-21	4	88	61	1176	0	0	0	731	-2201	3115	332	0.1992	-0.0313	-0.0311	-0.9781	1	-15	3	2	78	-47	939	6.81	-14.37	15.64	786	-1242	1728	382	0.2543	-0.0535	-0.0103	-0.9647	
737756.146613721	0	0	1	-23	32	25	116	975	0	0	0	716	-2246	3130	332	0.2073	-0.0298	-0.059	-0.9751	1	-10	-11	-4	97	-3	959	6.21	-14.67	15.64	786	-1242	1728	382	0.2458	-0.0505	-0.0044	-0.9671	
737756.146614257	0	0	18	-11	35	86	-86	931	0	0	0	716	-2306	3070	333	0.2245	-0.039	-0.0147	-0.9726	1	-9	-12	0	101	13	890	8.91	-15.57	16.53	786	-1242	1728	380	0.2505	-0.0604	-0.0149	-0.9652	
737756.146614685	0	0	20	-3	9	124	20	961	0	0	0	851	-2231	2995	332	0.2235	-0.0599	-0.0151	-0.9719	1	-36	0	-6	93	-9	897	6.81	-15.87	15.34	786	-1242	1728	380	0.2491	-0.0544	-0.0064	-0.9661	
737756.146615402	0	0	9	-9	15	52	47	1086	0	0	0	776	-2246	3100	332	0.2288	-0.0317	-0.0409	-0.9712	1	10	-17	0	99	-7	878	8.46	-15.72	14.59	786	-1242	1728	381	0.2509	-0.0584	-0.0034	-0.9654	
737756.146616132	0	0	-2	-9	0	155	138	1100	0	0	0	836	-2186	3040	332	0.2299	-0.0608	-0.051	-0.9691	1	-12	7	-6	70	-68	1062	7.71	-15.27	15.04	786	-1242	1728	380	0.2517	-0.0477	0.01	-0.9657	
737756.146616672	0	0	32	16	17	172	69	993	0	0	0	716	-2336	3040	331	0.2429	-0.0567	-0.0624	-0.9655	1	-13	-5	-2	127	-29	975	8.76	-15.12	14.89	786	-1242	1728	379	0.2487	-0.0566	0.0084	-0.966	
737756.146617216	0	0	2	-24	0	68	64	1126	0	0	0	970	-2171	3175	332	0.252	-0.035	-0.038	-0.9655	1	-9	2	-4	101	-66	984	8.61	-15.87	15.94	786	-1242	1728	377	0.2471	-0.0573	0.0172	-0.9663	
737756.146617629	0	0	-9	-34	5	143	105	981	0	0	0	821	-2291	3205	332	0.2508	-0.0479	-0.0557	-0.9644	1	-14	0	-2	107	-64	1029	9.51	-15.57	15.04	786	-1242	1728	377	0.2473	-0.0579	0.0208	-0.9661	
737756.14661806	0	0	7	22	2	182	127	1012	0	0	0	1015	-2336	3160	332	0.2567	-0.0637	-0.0681	-0.9611	1	-17	-5	-6	101	-110	983	9.36	-16.62	15.19	786	-1242	1728	377	0.2465	-0.0596	0.0325	-0.9659	
737756.146618602	0	0	-3	6	9	96	142	1075	0	0	0	881	-2291	3115	332	0.2652	-0.0303	-0.0695	-0.9603	1	-4	-10	-8	142	-101	979	9.06	-16.32	13.99	786	-1242	1728	376	0.2435	-0.074	0.0364	-0.9655	
737756.146619148	0	0	-45	-32	9	115	98	986	0	0	0	940	-2291	3115	331	0.2712	-0.0449	-0.0594	-0.9588	1	23	-23	3	212	-91	970	8.46	-18.12	14.89	786	-1242	1728	379	0.2384	-0.0994	0.0215	-0.965	
737756.146619692	0	0	-13	5	14	176	15	871	0	0	0	925	-2336	3130	332	0.2773	-0.0771	-0.0432	-0.9558	1	15	-19	-2	212	-11	979	9.51	-17.37	13.54	786	-1242	1728	382	0.2421	-0.0992	-0.0036	-0.9643	
737756.146620235	0	0	1	29	0	70	37	986	0	0	0	970	-2291	3055	331	0.2765	-0.0458	-0.0337	-0.9584	1	10	-6	16	285	58	959	8.61	-17.07	13.24	786	-1242	1728	381	0.2467	-0.1107	-0.0306	-0.9614	
737756.146620772	0	0	-33	26	-16	116	20	1003	0	0	0	1120	-2111	3175	331	0.2727	-0.0453	-0.0169	-0.96	1	-27	46	29	125	-73	1090	8.91	-16.77	15.04	786	-1242	1728	380	0.2656	-0.0829	-0.0073	-0.9596	
737756.146621499	0	0	-21	58	-22	116	58	1123	0	0	0	1045	-2036	3070	331	0.2612	-0.0346	-0.0149	-0.9636	1	-22	-4	13	30	-159	1004	10.56	-14.52	16.38	786	-1242	1728	381	0.2784	-0.0435	0.0493	-0.9573	
737756.146622043	0	0	-25	40	-5	-17	19	1198	0	0	0	1105	-1917	3220	332	0.2593	0.0024	-0.008	-0.9649	1	-9	1	3	57	-171	912	11.16	-15.12	15.49	786	-1242	1728	382	0.281	-0.0544	0.073	-0.9545	
737756.146622586	0	0	-29	-5	-15	64	-59	1169	0	0	0	1165	-1797	3280	332	0.2559	-0.0212	0.024	-0.9653	1	12	-3	-13	65	-175	987	11.46	-14.82	15.19	786	-1242	1728	381	0.2755	-0.0572	0.0784	-0.9555	
737756.146623122	0	0	15	-10	-7	6	16	1051	0	0	0	1300	-1992	3265	332	0.2526	-0.0048	0.0021	-0.9667	1	10	-22	-22	121	-85	902	9.96	-15.72	13.99	786	-1242	1728	381	0.265	-0.0686	0.0446	-0.9599	
737756.146623548	0	0	14	-1	-10	21	0	1021	0	0	0	1180	-2022	3294	332	0.2507	-0.011	-0.0051	-0.9671	1	5	-11	-18	159	-49	880	9.06	-16.32	14.29	786	-1242	1728	379	0.2573	-0.0804	0.0248	-0.9618	
737756.146624194	0	0	4	-10	-7	-3	56	1001	0	0	0	1180	-1902	3115	332	0.251	0.0058	-0.0151	-0.967	1	17	-4	-5	177	-16	891	9.36	-16.32	13.39	786	-1242	1728	381	0.2568	-0.0922	-0.006	-0.9612	
737756.146624731	0	0	3	3	0	11	23	1032	0	0	0	1045	-2126	3339	331	0.2547	0.0007	-0.0175	-0.966	1	10	15	-1	135	-70	981	9.81	-17.07	14.74	786	-1242	1728	381	0.2636	-0.0839	0.0015	-0.9601	
737756.146625279	0	0	0	-5	1	7	36	1027	0	0	0	1060	-1872	3205	332	0.2574	0.0029	-0.0132	-0.9654	1	-2	-6	-4	144	-14	962	9.36	-17.22	15.49	786	-1242	1728	381	0.2588	-0.0685	-0.0044	-0.9626	
737756.146626001	0	0	-4	-1	0	18	-20	1073	0	0	0	1015	-2066	3369	332	0.2611	-0.0105	-0.0038	-0.9644	1	4	-4	0	128	-2	946	8.91	-16.47	13.54	786	-1242	1728	381	0.2597	-0.073	-0.009	-0.962	
737756.146626545	0	0	6	-2	1	40	29	1045	0	0	0	1015	-2036	3250	332	0.2572	-0.0133	-0.0134	-0.9653	1	3	9	6	162	-45	984	9.96	-16.32	14.89	786	-1242	1728	383	0.2632	-0.0783	-0.0048	-0.9607	
737756.146627089	0	0	-1	-4	0	43	-20	1057	0	0	0	1045	-2156	3280	331	0.26	-0.0187	-0.0073	-0.9646	1	-3	-6	2	108	-62	986	8.91	-16.77	15.04	786	-1242	1728	381	0.2664	-0.0676	0.0037	-0.9606	
737756.146627624	0	0	11	0	-2	41	31	1014	0	0	0	1150	-2081	3294	332	0.2566	-0.0178	-0.013	-0.9654	1	-10	6	-1	128	-61	967	8.16	-16.62	14.89	786	-1242	1728	382	0.2619	-0.072	0.0111	-0.9615	
737756.146628351	0	0	-7	-6	0	7	29	1035	0	0	0	1105	-2036	3250	332	0.2585	-0.0029	-0.0179	-0.965	1	1	5	-2	136	-65	911	9.66	-16.32	13.99	786	-1242	1728	381	0.2615	-0.0748	0.0141	-0.9613	
737756.146628894	0	0	1	2	0	34	33	1001	0	0	0	1015	-1947	3250	332	0.2569	-0.011	-0.0185	-0.9653	1	4	-2	-3	133	-34	973	8.46	-16.62	15.49	786	-1242	1728	382	0.2577	-0.0712	0.0058	-0.9627	
737756.146629293	0	0	-2	5	0	21	17	1043	0	0	0	1045	-2036	3250	331	0.2573	-0.0091	-0.0148	-0.9653	1	0	1	1	150	-65	1004	8.46	-16.62	14.89	786	-1242	1728	382	0.2573	-0.0765	0.0052	-0.9624	
