1
737756.164931786	0	0	57	-121	3	-617	-139	-580	0	0	0	2569	2728	-1050	340	0.3586	0.4457	0.7404	-0.3504	1	0	-1	0	-123	-106	961	0	0	0	1793	822	1076	578	0.8268	-0.0088	0.0796	-0.5553	
737756.16493233	0	0	55	-170	0	-725	-91	513	0	0	0	2524	2743	1070	335	0.58	0.3168	0.3676	-0.6516	1	0	-1	0	-123	-106	961	0	0	0	1793	822	1076	578	0.8268	-0.0088	0.0796	-0.5553	
737756.164932866	0	0	31	-149	-1	-686	-131	762	0	0	0	2539	2339	1595	335	0.6496	0.2198	0.3044	-0.6593	1	0	-1	0	-123	-106	961	0	0	0	1793	822	1076	578	0.8268	-0.0088	0.0796	-0.5553	
737756.16493341	0	0	39	-146	-2	-719	-136	794	0	0	0	2389	2309	1835	335	0.6577	0.2111	0.3016	-0.6558	1	0	-1	0	-123	-106	961	0	0	0	1793	822	1076	578	0.8268	-0.0088	0.0796	-0.5553	
737756.164933952	0	0	0	-142	-13	-630	-223	969	0	0	0	2434	1933	2212	335	0.6936	0.1292	0.2574	-0.6586	1	0	-1	0	-123	-106	961	0	0	0	1793	822	1076	578	0.8268	-0.0088	0.0796	-0.5553	
737756.16493468	0	0	52	-117	11	-625	-54	947	0	0	0	2269	1648	2587	335	0.701	0.1439	0.2257	-0.6591	1	0	-1	0	-123	-106	961	0	0	0	1793	822	1076	578	0.8268	-0.0088	0.0796	-0.5553	
737756.164935223	0	0	4	-140	-8	-516	-116	1035	0	0	0	2194	1153	2662	335	0.6988	0.1124	0.1788	-0.682	1	0	-1	0	-123	-106	961	0	0	0	1793	822	1076	578	0.8268	-0.0088	0.0796	-0.5553	
737756.16493576	0	0	4	-140	-8	-516	-116	1035	0	0	0	2194	1153	2662	335	0.6988	0.1124	0.1788	-0.682	1	0	-1	0	-123	-106	961	0	0	0	1793	822	1076	578	0.8268	-0.0088	0.0796	-0.5553	
737756.164936302	0	0	25	-75	7	-373	-96	1205	0	0	0	2284	734	2931	335	0.6877	0.0752	0.1205	-0.7108	1	0	-1	0	-123	-106	961	0	0	0	1793	822	1076	578	0.8268	-0.0088	0.0796	-0.5553	
737756.164937029	0	0	-27	55	0	-313	-55	1476	0	0	0	2170	484	3285	334	0.6824	0.0772	0.0838	-0.7203	1	0	-1	0	-123	-106	961	0	0	0	1793	822	1076	578	0.8268	-0.0088	0.0796	-0.5553	
737756.164937573	0	0	-35	48	13	-406	-152	594	0	0	0	2110	633	3075	335	0.6759	0.0941	0.1403	-0.7155	1	0	-1	0	-123	-106	961	0	0	0	1793	822	1076	578	0.8268	-0.0088	0.0796	-0.5553	
737756.164938117	0	0	29	-33	8	-324	13	980	0	0	0	2155	499	3180	335	0.6657	0.0977	0.1146	-0.7289	1	27	-26	-3	-212	26	904	0	0	0	1778	867	941	393	0.8374	-0.0007	0.0986	-0.5352	
737756.164938653	0	0	29	-33	8	-324	13	980	0	0	0	2155	499	3180	335	0.6657	0.0977	0.1146	-0.7289	1	27	-26	-3	-212	26	904	0	0	0	1778	867	941	393	0.8374	-0.0007	0.0986	-0.5352	
737756.164939194	0	0	29	-33	8	-324	13	980	0	0	0	2155	499	3180	335	0.6657	0.0977	0.1146	-0.7289	1	27	-26	-3	-212	26	904	0	0	0	1778	867	941	393	0.8374	-0.0007	0.0986	-0.5352	
737756.164939738	0	0	29	-33	8	-324	13	980	0	0	0	2155	499	3180	335	0.6657	0.0977	0.1146	-0.7289	1	27	-26	-3	-212	26	904	0	0	0	1778	867	941	393	0.8374	-0.0007	0.0986	-0.5352	
737756.164940286	0	0	-8	3	-2	-372	-59	934	0	0	0	2065	559	3090	335	0.6234	0.1228	0.1308	-0.7598	1	8	-4	-4	-120	-72	958	0	0	0	1703	822	1106	394	0.828	0.0047	0.0803	-0.5533	
737756.164940827	0	0	3	-3	1	-375	-56	949	0	0	0	2095	559	3120	335	0.6098	0.1224	0.1321	-0.7707	1	1	0	-3	-119	-58	952	0	0	0	1823	852	986	393	0.828	0.0066	0.0724	-0.5545	
737756.16494137	0	0	-1	1	1	-377	-23	994	0	0	0	2170	484	3225	334	0.6049	0.1308	0.1142	-0.776	1	-1	5	0	-139	-76	958	0	0	0	1808	927	1031	393	0.8307	0.0074	0.0802	-0.5494	
737756.164941906	0	0	0	0	2	-384	-27	933	0	0	0	2035	678	3210	334	0.5999	0.1424	0.1275	-0.7758	1	0	6	-3	-142	-72	948	0	0	0	1703	942	1016	393	0.8334	0.012	0.0851	-0.5444	
737756.164942448	0	0	-3	0	0	-393	-10	985	0	0	0	2095	499	3180	334	0.5941	0.1436	0.1134	-0.7822	1	-1	4	-1	-152	-92	951	0	0	0	1718	927	1091	393	0.8364	0.0068	0.092	-0.5388	
737756.164943175	0	0	-4	-1	-1	-390	-39	969	0	0	0	2035	469	3180	334	0.5871	0.1361	0.1219	-0.7875	1	5	-1	-1	-158	-73	950	0	0	0	1793	942	866	396	0.836	0.0116	0.0908	-0.5395	
737756.164943719	0	0	-7	-4	0	-365	-47	1020	0	0	0	2005	529	3240	334	0.583	0.122	0.1164	-0.7937	1	5	-1	-1	-158	-73	950	0	0	0	1793	942	866	396	0.836	0.0116	0.0908	-0.5395	
737756.164944139	0	0	-15	6	1	-347	-64	1062	0	0	0	2140	573	3135	335	0.5854	0.1134	0.1236	-0.7921	1	5	-1	-1	-158	-73	950	0	0	0	1793	942	866	396	0.836	0.0116	0.0908	-0.5395	
737756.164944529	0	0	-13	11	4	-345	-80	1107	0	0	0	2140	633	3255	335	0.5925	0.1011	0.1222	-0.7886	1	5	-1	-1	-158	-73	950	0	0	0	1793	942	866	396	0.836	0.0116	0.0908	-0.5395	
737756.164944945	0	0	-31	12	5	-385	-94	1256	0	0	0	2170	603	3165	334	0.6043	0.0981	0.127	-0.7793	1	5	-1	-1	-158	-73	950	0	0	0	1793	942	866	396	0.836	0.0116	0.0908	-0.5395	
737756.164945489	0	0	-26	53	15	-457	-106	1364	0	0	0	2215	768	3030	335	0.6217	0.1077	0.1398	-0.762	1	5	-1	-1	-158	-73	950	0	0	0	1793	942	866	396	0.836	0.0116	0.0908	-0.5395	
737756.164946033	0	0	-48	72	11	-518	-86	1382	0	0	0	2275	918	2970	334	0.6335	0.1236	0.1498	-0.7478	1	5	-1	-1	-158	-73	950	0	0	0	1793	942	866	396	0.836	0.0116	0.0908	-0.5395	
737756.164946569	0	0	-66	108	15	-496	-121	1256	0	0	0	2335	1308	2790	335	0.6615	0.1215	0.1816	-0.7161	1	-10	2	-2	-62	-65	952	0	0	0	1748	897	1091	577	0.8335	-0.0059	0.0579	-0.5477	
737756.164947112	0	0	-69	129	18	-536	-120	1108	0	0	0	2515	1428	2461	334	0.6771	0.1356	0.2101	-0.6908	1	-11	3	2	-123	-146	962	0	0	0	1748	897	1091	577	0.8337	-0.0136	0.0733	-0.5453	
737756.164947538	0	0	-65	140	18	-541	-125	1036	0	0	0	2485	1638	2311	334	0.6824	0.1451	0.2288	-0.6775	1	-11	3	2	-123	-146	962	0	0	0	1748	897	1091	577	0.8337	-0.0136	0.0733	-0.5453	
737756.164948073	0	0	-69	153	14	-537	-105	692	0	0	0	2512	2034	1977	335	0.6922	0.1799	0.296	-0.6318	1	-11	3	2	-123	-146	962	0	0	0	1748	897	1091	577	0.8337	-0.0136	0.0733	-0.5453	
737756.1649488	0	0	-62	142	5	-639	-118	452	0	0	0	2572	2514	1137	334	0.6776	0.2307	0.3867	-0.5798	1	-11	3	2	-123	-146	962	0	0	0	1748	897	1091	577	0.8337	-0.0136	0.0733	-0.5453	
737756.164949344	0	0	-43	152	10	-636	-152	198	0	0	0	2662	2694	687	335	0.6371	0.2601	0.4805	-0.5418	1	-11	3	2	-123	-146	962	0	0	0	1748	897	1091	577	0.8337	-0.0136	0.0733	-0.5453	
737756.164949887	0	0	-29	138	8	-718	-140	125	0	0	0	2662	2784	747	335	0.6143	0.2821	0.5172	-0.5231	1	-11	3	2	-123	-146	962	0	0	0	1748	897	1091	577	0.8337	-0.0136	0.0733	-0.5453	
737756.164950304	0	0	-33	112	-5	-768	-154	70	0	0	0	2642	2933	228	334	0.572	0.316	0.5701	-0.4961	1	-11	3	2	-123	-146	962	0	0	0	1748	897	1091	577	0.8337	-0.0136	0.0733	-0.5453	
737756.164950723	0	0	-35	108	-8	-789	-212	0	0	0	0	2672	2843	78	335	0.5363	0.3296	0.6053	-0.4854	1	-11	3	2	-123	-146	962	0	0	0	1748	897	1091	577	0.8337	-0.0136	0.0733	-0.5453	
737756.16495145	0	0	-53	103	-5	-801	-262	-124	0	0	0	2627	2708	-476	335	0.4913	0.3398	0.6504	-0.4674	1	-11	3	2	-123	-146	962	0	0	0	1748	897	1091	577	0.8337	-0.0136	0.0733	-0.5453	
737756.164951994	0	0	-53	103	-5	-801	-262	-124	0	0	0	2627	2708	-476	335	0.4913	0.3398	0.6504	-0.4674	1	-11	3	2	-123	-146	962	0	0	0	1748	897	1091	577	0.8337	-0.0136	0.0733	-0.5453	
737756.164952538	0	0	-27	112	5	-776	-297	-298	0	0	0	2567	2678	-1046	335	0.4406	0.3528	0.6984	-0.4381	1	-11	3	2	-123	-146	962	0	0	0	1748	897	1091	577	0.8337	-0.0136	0.0733	-0.5453	
737756.164953073	0	0	-29	102	8	-759	-279	-395	0	0	0	2523	2664	-1256	335	0.4164	0.3625	0.7192	-0.4196	1	-11	3	2	-123	-146	962	0	0	0	1748	897	1091	577	0.8337	-0.0136	0.0733	-0.5453	
737756.1649538	0	0	-11	56	15	-704	-215	-760	0	0	0	2418	2499	-1631	335	0.3468	0.401	0.7679	-0.3568	1	-11	3	2	-123	-146	962	0	0	0	1748	897	1091	577	0.8337	-0.0136	0.0733	-0.5453	
737756.164954344	0	0	-9	9	3	-739	-197	-761	0	0	0	2613	2424	-1646	338	0.3284	0.417	0.778	-0.3335	1	-11	3	2	-123	-146	962	0	0	0	1748	897	1091	577	0.8337	-0.0136	0.0733	-0.5453	
737756.164954888	0	0	15	-18	3	-733	-244	-620	0	0	0	2463	2484	1951	335	0.3216	0.4354	0.7675	-0.3382	1	-11	3	2	-123	-146	962	0	0	0	1748	897	1091	577	0.8337	-0.0136	0.0733	-0.5453	
737756.164955424	0	0	16	-36	0	-845	-215	-418	0	0	0	2629	2471	-1693	335	0.3512	0.4371	0.7382	-0.3721	1	0	0	0	-138	-97	947	0	0	0	1793	852	956	560	0.8303	-0.0037	0.0867	-0.549	
737756.164955966	0	0	-3	-39	-4	-813	-243	-443	0	0	0	2689	2561	-1603	335	0.3668	0.4324	0.7238	-0.391	1	0	0	0	-138	-97	947	0	0	0	1793	852	956	560	0.8303	-0.0037	0.0867	-0.549	
737756.164956531	0	0	-3	-39	-4	-813	-243	-443	0	0	0	2689	2561	-1603	335	0.3668	0.4324	0.7238	-0.391	1	0	0	0	-138	-97	947	0	0	0	1793	852	956	560	0.8303	-0.0037	0.0867	-0.549	
737756.164957066	0	0	11	-79	-7	-756	-205	-573	0	0	0	2614	2666	-1408	338	0.3532	0.4391	0.7308	-0.3828	1	0	0	0	-138	-97	947	0	0	0	1793	852	956	560	0.8303	-0.0037	0.0867	-0.549	
737756.164957793	0	0	59	-111	6	-700	-162	-444	0	0	0	2584	2606	-988	335	0.359	0.4517	0.7093	-0.4028	1	0	0	0	-138	-97	947	0	0	0	1793	852	956	560	0.8303	-0.0037	0.0867	-0.549	
737756.164958337	0	0	50	-133	2	-687	-183	-114	0	0	0	2719	2861	-433	335	0.4149	0.4403	0.634	-0.4781	1	0	0	0	-138	-97	947	0	0	0	1793	852	956	560	0.8303	-0.0037	0.0867	-0.549	
737756.16495888	0	0	80	-129	13	-691	-190	-23	0	0	0	2793	2906	30	335	0.4424	0.4165	0.5761	-0.5449	1	0	0	0	-138	-97	947	0	0	0	1793	852	956	560	0.8303	-0.0037	0.0867	-0.549	
737756.164959423	0	0	95	-144	13	-709	-114	208	0	0	0	2522	2784	469	335	0.481	0.4089	0.5076	-0.5833	1	0	0	0	-138	-97	947	0	0	0	1793	852	956	560	0.8303	-0.0037	0.0867	-0.549	
737756.164959959	0	0	43	-156	2	-708	-93	324	0	0	0	2627	2799	723	335	0.5335	0.3685	0.426	-0.6282	1	0	0	0	-138	-97	947	0	0	0	1793	852	956	560	0.8303	-0.0037	0.0867	-0.549	
737756.164960686	0	0	25	-174	-4	-695	-52	661	0	0	0	2522	2484	1518	335	0.6129	0.2762	0.3073	-0.6708	1	0	0	0	-138	-97	947	0	0	0	1793	852	956	560	0.8303	-0.0037	0.0867	-0.549	
737756.16496123	0	0	51	-160	-8	-468	-223	453	0	0	0	2551	2148	1806	335	0.629	0.1811	0.3238	-0.6815	1	0	0	0	-138	-97	947	0	0	0	1793	852	956	560	0.8303	-0.0037	0.0867	-0.549	
737756.164961774	0	0	9	-210	-23	-553	27	1055	0	0	0	2416	1773	2481	335	0.6784	0.1697	0.1728	-0.6913	1	-1	-1	1	-148	-82	953	0	0	0	1703	912	1046	522	0.8337	0.0056	0.0902	-0.5432	
737756.164962322	0	0	60	-182	-26	-380	-155	1368	0	0	0	2341	1218	2496	335	0.6863	0.0983	0.1366	-0.7051	1	-1	-1	1	-148	-82	953	0	0	0	1703	912	1046	522	0.8337	0.0056	0.0902	-0.5432	
737756.164962864	0	0	60	-182	-26	-380	-155	1368	0	0	0	2341	1218	2496	335	0.6863	0.0983	0.1366	-0.7051	1	-1	-1	1	-148	-82	953	0	0	0	1703	912	1046	522	0.8337	0.0056	0.0902	-0.5432	
737756.164963407	0	0	33	-47	6	-443	-110	1493	0	0	0	2124	776	3145	335	0.6981	0.0795	0.1054	-0.7022	1	-1	-1	1	-148	-82	953	0	0	0	1703	912	1046	522	0.8337	0.0056	0.0902	-0.5432	
737756.164963951	0	0	7	-44	7	-578	25	1509	0	0	0	2154	596	3115	335	0.687	0.1153	0.1077	-0.708	1	-1	-1	1	-148	-82	953	0	0	0	1703	912	1046	522	0.8337	0.0056	0.0902	-0.5432	
737756.164964495	0	0	-3	41	8	-489	15	1122	0	0	0	1869	641	3370	335	0.6725	0.1373	0.1124	-0.7171	1	-1	-1	1	-148	-82	953	0	0	0	1703	912	1046	522	0.8337	0.0056	0.0902	-0.5432	
737756.164965039	0	0	-12	8	1	-392	-43	682	0	0	0	1914	866	3055	337	0.6526	0.1573	0.1629	-0.7217	1	-1	-1	1	-148	-82	953	0	0	0	1703	912	1046	522	0.8337	0.0056	0.0902	-0.5432	
737756.164965583	0	0	11	-14	0	-389	6	875	0	0	0	2034	716	3205	335	0.6355	0.1523	0.12	-0.7459	1	-1	-1	1	-148	-82	953	0	0	0	1703	912	1046	522	0.8337	0.0056	0.0902	-0.5432	
737756.164966118	0	0	0	-6	-1	-441	-3	1101	0	0	0	1899	821	3130	334	0.6263	0.1444	0.1214	-0.7552	1	7	0	-2	-140	-155	954	0	0	0	1733	852	1106	393	0.824	-0.0114	0.0948	-0.5568	
737756.164966661	0	0	0	1	0	-439	-5	1092	0	0	0	1974	686	3175	334	0.6231	0.1406	0.1157	-0.7595	1	14	-5	-2	-134	-80	943	0	0	0	1718	837	1031	393	0.8274	0.0024	0.0845	-0.5538	
737756.164967388	0	0	0	1	0	-439	-5	1092	0	0	0	1974	686	3175	334	0.6231	0.1406	0.1157	-0.7595	1	14	-5	-2	-134	-80	943	0	0	0	1718	837	1031	393	0.8274	0.0024	0.0845	-0.5538	
737756.16496778	0	0	0	1	0	-439	-5	1092	0	0	0	1974	686	3175	334	0.6231	0.1406	0.1157	-0.7595	1	14	-5	-2	-134	-80	943	0	0	0	1718	837	1031	393	0.8274	0.0024	0.0845	-0.5538	
737756.164968291	0	0	0	1	0	-439	-5	1092	0	0	0	1974	686	3175	334	0.6231	0.1406	0.1157	-0.7595	1	14	-5	-2	-134	-80	943	0	0	0	1718	837	1031	393	0.8274	0.0024	0.0845	-0.5538	
737756.164968835	0	0	0	1	0	-439	-5	1092	0	0	0	1974	686	3175	334	0.6231	0.1406	0.1157	-0.7595	1	14	-5	-2	-134	-80	943	0	0	0	1718	837	1031	393	0.8274	0.0024	0.0845	-0.5538	
737756.164969379	0	0	0	1	0	-439	-5	1092	0	0	0	1974	686	3175	334	0.6231	0.1406	0.1157	-0.7595	1	14	-5	-2	-134	-80	943	0	0	0	1718	837	1031	393	0.8274	0.0024	0.0845	-0.5538	
737756.164969922	0	0	-15	10	3	-397	-32	1133	0	0	0	1959	671	3130	335	0.5918	0.1271	0.114	-0.7866	1	14	-5	-2	-134	-80	943	0	0	0	1718	837	1031	393	0.8274	0.0024	0.0845	-0.5538	
737756.164970315	0	0	-28	13	2	-432	-55	1257	0	0	0	2034	656	3145	335	0.5972	0.1198	0.1224	-0.7825	1	14	-5	-2	-134	-80	943	0	0	0	1718	837	1031	393	0.8274	0.0024	0.0845	-0.5538	
737756.164970814	0	0	-46	49	8	-501	-103	1290	0	0	0	2244	836	3205	335	0.6103	0.1236	0.1527	-0.7663	1	14	-5	-2	-134	-80	943	0	0	0	1718	837	1031	393	0.8274	0.0024	0.0845	-0.5538	
737756.164971357	0	0	-50	64	9	-557	-110	1273	0	0	0	2289	941	2950	335	0.619	0.1331	0.1666	-0.7546	1	14	-5	-2	-134	-80	943	0	0	0	1718	837	1031	393	0.8274	0.0024	0.0845	-0.5538	
737756.164971899	0	0	-60	95	9	-566	-100	1184	0	0	0	2319	1240	2621	334	0.6328	0.1538	0.1923	-0.7328	1	2	-3	1	-220	-21	976	0	0	0	1778	897	1121	551	0.8312	0.0349	0.0673	-0.5488	
737756.164972435	0	0	-62	118	9	-573	-108	1001	0	0	0	2468	1570	2441	334	0.6604	0.1637	0.2289	-0.6948	1	5	0	4	-155	-131	965	0	0	0	1613	822	1106	563	0.8244	-0.0091	0.0996	-0.5556	
737756.164973163	0	0	-63	117	8	-586	-103	956	0	0	0	2348	1630	2381	335	0.6673	0.1695	0.2389	-0.6834	1	3	0	2	-176	-50	970	0	0	0	1733	762	1106	564	0.8243	0.0049	0.094	-0.5566	
737756.164973555	0	0	-54	136	3	-624	-105	775	0	0	0	2528	2080	1871	335	0.6867	0.1926	0.2974	-0.6333	1	3	0	2	-176	-50	970	0	0	0	1733	762	1106	564	0.8243	0.0049	0.094	-0.5566	
737756.164974066	0	0	-62	131	0	-649	-129	690	0	0	0	2602	2361	1710	335	0.684	0.2025	0.334	-0.6147	1	3	0	2	-176	-50	970	0	0	0	1733	762	1106	564	0.8243	0.0049	0.094	-0.5566	
737756.16497461	0	0	-55	139	-1	-681	-138	426	0	0	0	2752	2436	1065	335	0.6605	0.232	0.4165	-0.5785	1	3	0	2	-176	-50	970	0	0	0	1733	762	1106	564	0.8243	0.0049	0.094	-0.5566	
737756.164975153	0	0	-54	132	-6	-695	-187	277	0	0	0	2617	2766	705	335	0.6307	0.2517	0.4799	-0.5538	1	3	0	2	-176	-50	970	0	0	0	1733	762	1106	564	0.8243	0.0049	0.094	-0.5566	
737756.164975692	0	0	-55	141	-4	-712	-195	146	0	0	0	2782	2781	481	335	0.5984	0.2663	0.5352	-0.5317	1	3	0	2	-176	-50	970	0	0	0	1733	762	1106	564	0.8243	0.0049	0.094	-0.5566	
737756.164976242	0	0	-43	130	-5	-726	-219	-68	0	0	0	2764	2605	43	335	0.56	0.2867	0.5915	-0.5023	1	3	0	2	-176	-50	970	0	0	0	1733	762	1106	564	0.8243	0.0049	0.094	-0.5566	
737756.164976776	0	0	-59	106	-14	-740	-227	-192	0	0	0	2764	2575	-406	335	0.5231	0.3046	0.6411	-0.4697	1	3	0	2	-176	-50	970	0	0	0	1733	762	1106	564	0.8243	0.0049	0.094	-0.5566	
737756.164977504	0	0	-37	99	-4	-738	-286	-358	0	0	0	2809	2530	-811	335	0.4663	0.3202	0.6996	-0.4343	1	-2	0	-1	-129	-74	950	0	0	0	1643	822	1076	554	0.8301	0.0051	0.0779	-0.5507	
737756.164978048	0	0	-21	92	0	-718	-299	-394	0	0	0	2689	2560	-991	335	0.4381	0.3281	0.7225	-0.4201	1	-2	0	-1	-129	-74	950	0	0	0	1643	822	1076	554	0.8301	0.0051	0.0779	-0.5507	
737756.164978592	0	0	-21	92	0	-718	-299	-394	0	0	0	2689	2560	-991	335	0.4381	0.3281	0.7225	-0.4201	1	-2	0	-1	-129	-74	950	0	0	0	1643	822	1076	554	0.8301	0.0051	0.0779	-0.5507	
737756.164979127	0	0	-21	92	0	-718	-299	-394	0	0	0	2689	2560	-991	335	0.4381	0.3281	0.7225	-0.4201	1	-2	0	-1	-129	-74	950	0	0	0	1643	822	1076	554	0.8301	0.0051	0.0779	-0.5507	
737756.164979669	0	0	-21	92	0	-718	-299	-394	0	0	0	2689	2560	-991	335	0.4381	0.3281	0.7225	-0.4201	1	-2	0	-1	-129	-74	950	0	0	0	1643	822	1076	554	0.8301	0.0051	0.0779	-0.5507	
737756.164980397	0	0	-1	15	-3	-806	-281	-508	0	0	0	2734	2396	-1544	338	0.3611	0.3873	0.76	-0.3746	1	-2	0	-1	-129	-74	950	0	0	0	1643	822	1076	554	0.8301	0.0051	0.0779	-0.5507	
737756.164980941	0	0	-3	5	0	-754	-350	-562	0	0	0	2644	2336	-1634	338	0.3481	0.3869	0.765	-0.377	1	-2	0	-1	-129	-74	950	0	0	0	1643	822	1076	554	0.8301	0.0051	0.0779	-0.5507	
737756.164981484	0	0	18	-3	8	-776	-334	-527	0	0	0	2659	2261	-1559	338	0.3384	0.3887	0.7656	-0.3828	1	-2	0	-1	-129	-74	950	0	0	0	1643	822	1076	554	0.8301	0.0051	0.0779	-0.5507	
737756.16498202	0	0	18	-3	8	-776	-334	-527	0	0	0	2659	2261	-1559	338	0.3384	0.3887	0.7656	-0.3828	1	-2	0	-1	-129	-74	950	0	0	0	1643	822	1076	554	0.8301	0.0051	0.0779	-0.5507	
737756.164982746	0	0	18	-3	8	-776	-334	-527	0	0	0	2659	2261	-1559	338	0.3384	0.3887	0.7656	-0.3828	1	-2	0	-1	-129	-74	950	0	0	0	1643	822	1076	554	0.8301	0.0051	0.0779	-0.5507	
737756.16498329	0	0	18	-3	8	-776	-334	-527	0	0	0	2659	2261	-1559	338	0.3384	0.3887	0.7656	-0.3828	1	-2	0	-1	-129	-74	950	0	0	0	1643	822	1076	554	0.8301	0.0051	0.0779	-0.5507	
737756.164983834	0	0	18	-3	8	-776	-334	-527	0	0	0	2659	2261	-1559	338	0.3384	0.3887	0.7656	-0.3828	1	-2	0	-1	-129	-74	950	0	0	0	1643	822	1076	554	0.8301	0.0051	0.0779	-0.5507	
737756.164984376	0	0	42	-60	18	-734	-251	-510	0	0	0	2584	2636	-974	338	0.347	0.434	0.7168	-0.4192	1	-2	0	-1	-129	-74	950	0	0	0	1643	822	1076	554	0.8301	0.0051	0.0779	-0.5507	
737756.164984913	0	0	39	-105	10	-703	-218	-458	0	0	0	2689	2681	-600	338	0.35	0.4507	0.6993	-0.4285	1	-2	0	-1	-129	-74	950	0	0	0	1643	822	1076	554	0.8301	0.0051	0.0779	-0.5507	
737756.164985466	0	0	55	-116	19	-681	-230	-135	0	0	0	2689	2681	-210	337	0.3917	0.4384	0.6213	-0.516	1	-2	0	-1	-129	-74	950	0	0	0	1643	822	1076	554	0.8301	0.0051	0.0779	-0.5507	
737756.164986001	0	0	53	-134	14	-713	-192	-189	0	0	0	2719	2770	119	338	0.4005	0.4443	0.6049	-0.524	1	-2	0	-1	-129	-74	950	0	0	0	1643	822	1076	554	0.8301	0.0051	0.0779	-0.5507	
737756.164986728	0	0	44	-157	7	-598	-182	141	0	0	0	2779	2651	781	335	0.4685	0.3738	0.4868	-0.634	1	-2	0	-1	-129	-74	950	0	0	0	1643	822	1076	554	0.8301	0.0051	0.0779	-0.5507	
737756.164987272	0	0	75	-189	6	-585	-113	341	0	0	0	2554	2606	1096	335	0.5128	0.3504	0.4054	-0.668	1	-2	0	-1	-129	-74	950	0	0	0	1643	822	1076	554	0.8301	0.0051	0.0779	-0.5507	
737756.164987815	0	0	49	-157	15	-504	-121	537	0	0	0	2479	2471	1501	335	0.5483	0.2851	0.3327	-0.7098	1	-2	0	-1	-129	-74	950	0	0	0	1643	822	1076	554	0.8301	0.0051	0.0779	-0.5507	
737756.164988359	0	0	86	-171	28	-479	29	807	0	0	0	2300	2116	2087	334	0.5851	0.2404	0.2371	-0.7349	1	-2	0	-1	-129	-74	950	0	0	0	1643	822	1076	554	0.8301	0.0051	0.0779	-0.5507	
737756.164988894	0	0	9	-210	-9	-458	-99	1179	0	0	0	2375	1681	2522	335	0.6449	0.1421	0.1564	-0.7321	1	-3	0	0	-139	-73	953	0	0	0	1778	867	1091	518	0.8312	0.0049	0.0826	-0.5483	
737756.164989621	0	0	47	-139	10	-528	-40	1482	0	0	0	2165	1202	3001	335	0.7028	0.108	0.1214	-0.6911	1	-3	2	-1	-139	-82	955	0	0	0	1703	852	1046	513	0.8307	0.0042	0.0828	-0.5491	
737756.164990166	0	0	37	-65	23	-559	22	1523	0	0	0	1993	919	3006	335	0.7046	0.1154	0.1041	-0.6909	1	-3	2	-1	-139	-82	955	0	0	0	1703	852	1046	513	0.8307	0.0042	0.0828	-0.5491	
737756.164990709	0	0	51	-53	19	-904	117	1888	0	0	0	1948	844	3171	335	0.6869	0.1571	0.1112	-0.6994	1	-3	2	-1	-139	-82	955	0	0	0	1703	852	1046	513	0.8307	0.0042	0.0828	-0.5491	
737756.164991231	0	0	-62	74	11	-640	61	1046	0	0	0	1858	784	3231	335	0.6775	0.1623	0.0974	-0.7089	1	-3	2	-1	-139	-82	955	0	0	0	1703	852	1046	513	0.8307	0.0042	0.0828	-0.5491	
737756.164991778	0	0	-18	25	1	-408	-12	458	0	0	0	1918	934	3261	335	0.6603	0.1978	0.1647	-0.7038	1	-3	2	-1	-139	-82	955	0	0	0	1703	852	1046	513	0.8307	0.0042	0.0828	-0.5491	
737756.164992319	0	0	5	-28	-5	-365	79	743	0	0	0	1933	889	3216	335	0.6504	0.1977	0.1171	-0.7218	1	-3	2	-1	-139	-82	955	0	0	0	1703	852	1046	513	0.8307	0.0042	0.0828	-0.5491	
737756.164992864	0	0	-4	-31	-11	-376	16	893	0	0	0	1813	979	3186	335	0.6437	0.1549	0.1158	-0.7387	1	-3	2	-1	-139	-82	955	0	0	0	1703	852	1046	513	0.8307	0.0042	0.0828	-0.5491	
737756.164993406	0	0	0	-18	-9	-460	-9	1316	0	0	0	1903	739	3396	335	0.6319	0.1202	0.1047	-0.7573	1	-3	2	-1	-139	-82	955	0	0	0	1703	852	1046	513	0.8307	0.0042	0.0828	-0.5491	
737756.164993942	0	0	3	5	4	-451	-51	730	0	0	0	1963	739	3246	335	0.6149	0.1613	0.1702	-0.7516	1	2	-1	0	-159	-88	957	0	0	0	1748	807	1151	394	0.8275	0.0066	0.0868	-0.5532	
737756.164994485	0	0	3	5	4	-451	-51	730	0	0	0	1963	739	3246	335	0.6149	0.1613	0.1702	-0.7516	1	2	-1	0	-159	-88	957	0	0	0	1748	807	1151	394	0.8275	0.0066	0.0868	-0.5532	
737756.164995212	0	0	3	5	4	-451	-51	730	0	0	0	1963	739	3246	335	0.6149	0.1613	0.1702	-0.7516	1	2	-1	0	-159	-88	957	0	0	0	1748	807	1151	394	0.8275	0.0066	0.0868	-0.5532	
737756.164995756	0	0	3	5	4	-451	-51	730	0	0	0	1963	739	3246	335	0.6149	0.1613	0.1702	-0.7516	1	2	-1	0	-159	-88	957	0	0	0	1748	807	1151	394	0.8275	0.0066	0.0868	-0.5532	
737756.1649963	0	0	-15	3	0	-438	0	1046	0	0	0	1933	889	3246	334	0.5966	0.1597	0.1269	-0.7749	1	2	-1	0	-159	-88	957	0	0	0	1748	807	1151	394	0.8275	0.0066	0.0868	-0.5532	
737756.164996716	0	0	-27	4	-2	-432	-34	1044	0	0	0	1888	844	3171	334	0.5985	0.14	0.1305	-0.7766	1	2	-1	0	-159	-88	957	0	0	0	1748	807	1151	394	0.8275	0.0066	0.0868	-0.5532	
737756.164997195	0	0	-20	15	1	-471	-58	1297	0	0	0	2128	814	3201	335	0.6053	0.1265	0.1301	-0.7739	1	2	-1	0	-159	-88	957	0	0	0	1748	807	1151	394	0.8275	0.0066	0.0868	-0.5532	
737756.164997737	0	0	-45	46	3	-531	-89	1334	0	0	0	2053	889	3186	335	0.6109	0.1304	0.1509	-0.7651	1	2	-1	0	-159	-88	957	0	0	0	1748	807	1151	394	0.8275	0.0066	0.0868	-0.5532	
737756.16499828	0	0	-48	72	6	-599	-91	1233	0	0	0	2218	994	2901	335	0.613	0.1531	0.1729	-0.7544	1	2	-1	0	-159	-88	957	0	0	0	1748	807	1151	394	0.8275	0.0066	0.0868	-0.5532	
737756.164998823	0	0	-57	83	3	-595	-102	1234	0	0	0	2218	1174	2781	335	0.6229	0.1546	0.1872	-0.7425	1	2	-1	0	-159	-88	957	0	0	0	1748	807	1151	394	0.8275	0.0066	0.0868	-0.5532	
737756.164999367	0	0	-59	118	3	-585	-123	1133	0	0	0	2412	1519	2437	334	0.6497	0.1574	0.2182	-0.7096	1	-3	-1	-2	-29	-98	957	0	0	0	1628	807	1121	546	0.8229	-0.006	0.0536	-0.5637	
737756.164999911	0	0	-69	131	4	-586	-125	1024	0	0	0	2367	1654	2302	335	0.6688	0.1597	0.2393	-0.6841	1	-2	1	0	-45	-166	964	0	0	0	1748	747	1031	546	0.8221	-0.0226	0.0586	-0.564	
737756.165000455	0	0	-63	146	4	-609	-131	734	0	0	0	2600	2175	1870	335	0.6758	0.1901	0.3084	-0.6404	1	-2	1	0	-45	-166	964	0	0	0	1748	747	1031	546	0.8221	-0.0226	0.0586	-0.564	
737756.165000998	0	0	-55	148	3	-599	-114	693	0	0	0	2510	2235	1480	335	0.6801	0.2025	0.324	-0.6241	1	-2	1	0	-45	-166	964	0	0	0	1748	747	1031	546	0.8221	-0.0226	0.0586	-0.564	
737756.165001534	0	0	-55	151	0	-642	-143	283	0	0	0	2660	2624	911	335	0.6415	0.2536	0.4535	-0.5627	1	-2	1	0	-45	-166	964	0	0	0	1748	747	1031	546	0.8221	-0.0226	0.0586	-0.564	
737756.165002076	0	0	-40	144	0	-683	-172	174	0	0	0	2825	2669	656	335	0.6185	0.2719	0.4955	-0.5441	1	-2	1	0	-45	-166	964	0	0	0	1748	747	1031	546	0.8221	-0.0226	0.0586	-0.564	
737756.165002493	0	0	-57	127	-8	-716	-197	6	0	0	0	2765	2639	356	335	0.5818	0.2944	0.5536	-0.5162	1	-2	1	0	-45	-166	964	0	0	0	1748	747	1031	546	0.8221	-0.0226	0.0586	-0.564	
737756.165003186	0	0	-33	118	-3	-755	-222	-104	0	0	0	2840	2716	-144	335	0.5162	0.3181	0.6341	-0.478	1	-2	1	0	-45	-166	964	0	0	0	1748	747	1031	546	0.8221	-0.0226	0.0586	-0.564	
737756.16500373	0	0	-32	95	-12	-790	-244	-239	0	0	0	2750	2656	-624	335	0.4733	0.3405	0.6767	-0.4475	1	-2	1	0	-45	-166	964	0	0	0	1748	747	1031	546	0.8221	-0.0226	0.0586	-0.564	
737756.165004266	0	0	-22	86	-13	-785	-299	-251	0	0	0	2690	2536	-654	335	0.4386	0.3488	0.6996	-0.4413	1	-2	1	0	-45	-166	964	0	0	0	1748	747	1031	546	0.8221	-0.0226	0.0586	-0.564	
737756.165004808	0	0	-32	90	-11	-744	-330	-298	0	0	0	2735	2581	-909	337	0.4143	0.3495	0.7152	-0.4392	1	-3	0	-1	-150	-89	952	0	0	0	1793	971	1016	543	0.8284	0.0083	0.0884	-0.5515	
737756.16500535	0	0	-32	90	-11	-744	-330	-298	0	0	0	2735	2581	-909	337	0.4143	0.3495	0.7152	-0.4392	1	-2	-2	1	-138	-90	964	0	0	0	1853	882	1106	543	0.8265	0.0006	0.0864	-0.5548	
737756.165005894	0	0	-12	55	12	-778	-267	-568	0	0	0	2720	2387	-1553	338	0.3391	0.3759	0.7654	-0.395	1	-3	-2	0	-132	-90	945	0	0	0	1778	747	971	541	0.8242	-0.0021	0.0835	-0.5585	
737756.165006438	0	0	3	30	0	-798	-204	-614	0	0	0	2631	2328	-1516	338	0.3331	0.3988	0.7678	-0.3725	1	-3	-2	0	-132	-90	945	0	0	0	1778	747	971	541	0.8242	-0.0021	0.0835	-0.5585	
737756.165006983	0	0	-11	5	-8	-743	-280	-635	0	0	0	2616	2343	-1471	338	0.3254	0.4106	0.7693	-0.3634	1	-3	-2	0	-132	-90	945	0	0	0	1778	747	971	541	0.8242	-0.0021	0.0835	-0.5585	
737756.165007526	0	0	9	-18	1	-704	-341	-637	0	0	0	2661	2238	-1666	338	0.3068	0.4121	0.7745	-0.3667	1	-3	-2	0	-132	-90	945	0	0	0	1778	747	971	541	0.8242	-0.0021	0.0835	-0.5585	
737756.165008063	0	0	9	-18	1	-704	-341	-637	0	0	0	2661	2238	-1666	338	0.3068	0.4121	0.7745	-0.3667	1	-3	-2	0	-132	-90	945	0	0	0	1778	747	971	541	0.8242	-0.0021	0.0835	-0.5585	
737756.165008605	0	0	9	-18	1	-704	-341	-637	0	0	0	2661	2238	-1666	338	0.3068	0.4121	0.7745	-0.3667	1	-3	-2	0	-132	-90	945	0	0	0	1778	747	971	541	0.8242	-0.0021	0.0835	-0.5585	
737756.165009332	0	0	43	-85	21	-699	-234	-449	0	0	0	2735	2523	-991	339	0.3275	0.4304	0.7319	-0.4122	1	-2	1	0	-136	-96	957	0	0	0	1883	792	866	543	0.8262	-0.0046	0.0831	-0.5556	
737756.165009876	0	0	67	-103	26	-698	-212	-342	0	0	0	2706	2643	-721	339	0.3588	0.4532	0.6829	-0.4447	1	-2	1	0	-136	-96	957	0	0	0	1883	792	866	543	0.8262	-0.0046	0.0831	-0.5556	
737756.16501042	0	0	61	-128	23	-728	-160	-179	0	0	0	2721	2688	-167	338	0.4015	0.4612	0.619	-0.4905	1	-2	1	0	-136	-96	957	0	0	0	1883	792	866	543	0.8262	-0.0046	0.0831	-0.5556	
737756.165010956	0	0	66	-136	22	-730	-131	58	0	0	0	2586	2733	177	338	0.4595	0.442	0.5223	-0.5637	1	-2	1	0	-136	-96	957	0	0	0	1883	792	866	543	0.8262	-0.0046	0.0831	-0.5556	
737756.165011498	0	0	43	-165	5	-744	-128	202	0	0	0	2508	2785	670	335	0.4988	0.4046	0.4556	-0.6143	1	-2	1	0	-136	-96	957	0	0	0	1883	792	866	543	0.8262	-0.0046	0.0831	-0.5556	
737756.165012226	0	0	57	-161	5	-749	-97	593	0	0	0	2568	2605	1300	335	0.5595	0.3217	0.3564	-0.673	1	-2	1	0	-136	-96	957	0	0	0	1883	792	866	543	0.8262	-0.0046	0.0831	-0.5556	
737756.165012769	0	0	81	-144	1	-672	-107	736	0	0	0	2493	2380	1645	335	0.6158	0.2475	0.3005	-0.6824	1	-2	1	0	-136	-96	957	0	0	0	1883	792	866	543	0.8262	-0.0046	0.0831	-0.5556	
737756.165013313	0	0	35	-123	3	-638	-67	822	0	0	0	2406	2235	1983	335	0.6632	0.2132	0.2608	-0.6665	1	-2	1	0	-136	-96	957	0	0	0	1883	792	866	543	0.8262	-0.0046	0.0831	-0.5556	
737756.165013729	0	0	66	-136	-3	-626	-90	927	0	0	0	2391	1920	2238	335	0.6744	0.1772	0.2305	-0.6771	1	-2	1	0	-136	-96	957	0	0	0	1883	792	866	543	0.8262	-0.0046	0.0831	-0.5556	
737756.165014159	0	0	15	-120	-7	-648	-77	1076	0	0	0	2376	1606	2613	335	0.6937	0.1595	0.1973	-0.6726	1	0	1	0	-142	-108	941	0	0	0	1763	882	986	504	0.8276	-0.0043	0.0939	-0.552	
737756.165014575	0	0	51	-80	2	-549	-160	1051	0	0	0	2271	1501	2838	335	0.6874	0.119	0.2032	-0.6856	1	0	2	0	-139	-100	964	0	0	0	1748	837	1031	486	0.8273	-0.0043	0.089	-0.5531	
737756.165015119	0	0	39	-74	6	-531	-76	1088	0	0	0	2241	1231	2838	335	0.6857	0.1306	0.1712	-0.6941	1	0	2	0	-139	-100	964	0	0	0	1748	837	1031	486	0.8273	-0.0043	0.089	-0.5531	
737756.165015663	0	0	32	-56	8	-528	-90	1143	0	0	0	2137	976	3093	335	0.6748	0.1193	0.1566	-0.71	1	0	2	0	-139	-100	964	0	0	0	1748	837	1031	486	0.8273	-0.0043	0.089	-0.5531	
737756.165016208	0	0	11	-40	7	-519	-69	1044	0	0	0	2108	895	3085	335	0.6649	0.1344	0.1576	-0.7164	1	0	2	0	-139	-100	964	0	0	0	1748	837	1031	486	0.8273	-0.0043	0.089	-0.5531	
737756.16501675	0	0	13	-39	9	-503	-26	1100	0	0	0	2048	865	3235	334	0.6541	0.1388	0.1353	-0.7298	1	0	2	0	-139	-100	964	0	0	0	1748	837	1031	486	0.8273	-0.0043	0.089	-0.5531	
737756.165017286	0	0	13	-18	9	-469	-13	950	0	0	0	2093	970	3250	335	0.6463	0.1542	0.1423	-0.7323	1	-13	-9	0	-83	-122	1004	0	0	0	1778	897	1061	395	0.8313	-0.0059	0.0873	-0.5468	
737756.165018013	0	0	-11	32	4	-480	-69	1187	0	0	0	1914	640	3220	335	0.636	0.1288	0.1086	-0.7514	1	-1	-1	3	-186	-114	942	0	0	0	1703	882	1046	394	0.831	0.0057	0.0969	-0.5461	
737756.165018556	0	0	11	0	16	-364	-73	544	0	0	0	2063	760	3220	335	0.6156	0.158	0.1853	-0.7481	1	2	0	-1	-135	-108	963	0	0	0	1718	837	1211	394	0.832	-0.001	0.0837	-0.5469	
737756.165019101	0	0	24	-66	10	-453	50	941	0	0	0	1884	790	3250	334	0.6132	0.1747	0.1271	-0.7578	1	12	-3	2	-152	-73	959	0	0	0	1748	867	1121	394	0.8337	0.0088	0.085	-0.5441	
737756.165019636	0	0	-13	-5	2	-316	-82	900	0	0	0	1914	640	3160	335	0.6178	0.1196	0.0945	-0.7696	1	1	0	2	-151	-43	938	0	0	0	1643	942	1076	394	0.836	0.0237	0.0801	-0.5408	
737756.165020163	0	0	3	-38	5	-365	-30	870	0	0	0	2018	565	3265	335	0.6118	0.1307	0.1213	-0.7694	1	-6	0	0	-139	-78	947	0	0	0	1838	956	1001	393	0.8346	0.0125	0.0837	-0.5428	
737756.165020883	0	0	0	13	1	-303	-6	917	0	0	0	1929	505	3355	335	0.6099	0.1218	0.0992	-0.7756	1	-2	-1	-2	-152	-60	945	0	0	0	1658	927	1091	392	0.8334	0.0184	0.0855	-0.5442	
737756.165021425	0	0	4	5	-1	-334	15	1017	0	0	0	1988	475	3325	335	0.6055	0.1272	0.089	-0.7795	1	-2	-2	0	-149	-85	951	0	0	0	1748	777	1061	394	0.8295	0.0073	0.0839	-0.5506	
737756.165021971	0	0	-1	14	-2	-337	22	1049	0	0	0	1958	415	3235	334	0.6031	0.1278	0.0846	-0.7817	1	-2	-2	0	-149	-85	951	0	0	0	1748	777	1061	394	0.8295	0.0073	0.0839	-0.5506	
737756.165022506	0	0	-23	18	-1	-331	-1	1205	0	0	0	1809	505	3325	334	0.6043	0.1038	0.0835	-0.7843	1	-2	-2	0	-149	-85	951	0	0	0	1748	777	1061	394	0.8295	0.0073	0.0839	-0.5506	
737756.165023233	0	0	-42	60	5	-496	-31	1395	0	0	0	2048	745	3055	333	0.6198	0.1302	0.1249	-0.7627	1	-2	-2	0	-149	-85	951	0	0	0	1748	777	1061	394	0.8295	0.0073	0.0839	-0.5506	
737756.165023777	0	0	-60	90	2	-568	-41	1362	0	0	0	2198	865	3085	334	0.6226	0.1434	0.1426	-0.7547	1	-2	-2	0	-149	-85	951	0	0	0	1748	777	1061	394	0.8295	0.0073	0.0839	-0.5506	
737756.165024321	0	0	-72	117	2	-551	-46	1266	0	0	0	2303	1270	2950	334	0.6354	0.1558	0.165	-0.7368	1	2	-10	2	-125	-85	978	0	0	0	1868	777	1091	453	0.8276	-0.0012	0.0805	-0.554	
737756.165024857	0	0	-75	143	2	-538	-95	1032	0	0	0	2378	1644	2336	334	0.6761	0.1548	0.2192	-0.6847	1	-1	-6	0	-108	-34	964	0	0	0	1808	807	1061	489	0.8275	0.0073	0.0657	-0.556	
737756.165025399	0	0	-69	150	4	-523	-115	922	0	0	0	2348	1794	2246	334	0.6873	0.1537	0.2443	-0.6652	1	-5	-4	2	-102	-172	976	0	0	0	1778	717	1031	504	0.8249	-0.009	0.072	-0.5587	
737756.165025834	0	0	-74	153	-1	-544	-104	747	0	0	0	2588	2094	1946	335	0.6991	0.1754	0.287	-0.6296	1	-5	-4	2	-102	-172	976	0	0	0	1778	717	1031	504	0.8249	-0.009	0.072	-0.5587	
737756.165026334	0	0	-71	159	0	-579	-142	535	0	0	0	2604	2320	1570	335	0.6861	0.1903	0.3569	-0.6031	1	-5	-4	2	-102	-172	976	0	0	0	1778	717	1031	504	0.8249	-0.009	0.072	-0.5587	
737756.165026878	0	0	-51	158	2	-630	-166	343	0	0	0	2604	2650	1090	335	0.6594	0.2194	0.4316	-0.5733	1	-5	-4	2	-102	-172	976	0	0	0	1778	717	1031	504	0.8249	-0.009	0.072	-0.5587	
737756.165027422	0	0	-64	136	-6	-701	-197	129	0	0	0	2634	2830	490	335	0.6176	0.2543	0.5177	-0.5329	1	-5	-4	2	-102	-172	976	0	0	0	1778	717	1031	504	0.8249	-0.009	0.072	-0.5587	
737756.165027966	0	0	-42	128	-4	-717	-227	-13	0	0	0	2739	2755	325	335	0.5777	0.2738	0.5765	-0.507	1	-5	-4	2	-102	-172	976	0	0	0	1778	717	1031	504	0.8249	-0.009	0.072	-0.5587	
737756.165028502	0	0	-63	113	-7	-771	-188	-129	0	0	0	2706	2716	-129	335	0.5198	0.3068	0.6491	-0.461	1	-5	-4	2	-102	-172	976	0	0	0	1778	717	1031	504	0.8249	-0.009	0.072	-0.5587	
737756.165029045	0	0	-56	97	-13	-763	-221	-240	0	0	0	2646	2626	-459	335	0.4783	0.3271	0.6925	-0.4277	1	-5	-4	2	-102	-172	976	0	0	0	1778	717	1031	504	0.8249	-0.009	0.072	-0.5587	
737756.165029771	0	0	-50	96	-8	-754	-273	-337	0	0	0	2736	2506	-1089	335	0.4389	0.3369	0.7249	-0.4081	1	-5	-4	2	-102	-172	976	0	0	0	1778	717	1031	504	0.8249	-0.009	0.072	-0.5587	
737756.165030316	0	0	-50	96	-8	-754	-273	-337	0	0	0	2736	2506	-1089	335	0.4389	0.3369	0.7249	-0.4081	1	-5	-4	2	-102	-172	976	0	0	0	1778	717	1031	504	0.8249	-0.009	0.072	-0.5587	
737756.16503086	0	0	-50	96	-8	-754	-273	-337	0	0	0	2736	2506	-1089	335	0.4389	0.3369	0.7249	-0.4081	1	0	0	0	-138	-87	940	0	0	0	1883	882	956	555	0.8225	0.0005	0.0856	-0.5608	
737756.165031274	0	0	-50	96	-8	-754	-273	-337	0	0	0	2736	2506	-1089	335	0.4389	0.3369	0.7249	-0.4081	1	0	0	0	-138	-87	940	0	0	0	1883	882	956	555	0.8225	0.0005	0.0856	-0.5608	
737756.165031741	0	0	-32	49	-2	-648	-300	-817	0	0	0	2616	2207	-1834	339	0.3291	0.3856	0.7919	-0.3377	1	0	0	0	-138	-87	940	0	0	0	1883	882	956	555	0.8225	0.0005	0.0856	-0.5608	
737756.165032283	0	0	-4	5	0	-630	-292	-869	0	0	0	2601	2252	-1879	340	0.287	0.3997	0.8102	-0.3156	1	0	0	0	-138	-87	940	0	0	0	1883	882	956	555	0.8225	0.0005	0.0856	-0.5608	
737756.165032827	0	0	9	-37	2	-653	-282	-751	0	0	0	2586	2237	-1804	340	0.2771	0.4068	0.8085	-0.3199	1	0	0	0	-138	-87	940	0	0	0	1883	882	956	555	0.8225	0.0005	0.0856	-0.5608	
737756.165033371	0	0	12	-56	0	-706	-245	-617	0	0	0	2616	2357	-1804	338	0.2957	0.4145	0.7904	-0.3381	1	0	0	0	-138	-87	940	0	0	0	1883	882	956	555	0.8225	0.0005	0.0856	-0.5608	
737756.165033915	0	0	12	-56	0	-706	-245	-617	0	0	0	2616	2357	-1804	338	0.2957	0.4145	0.7904	-0.3381	1	-1	0	-1	-136	-95	950	0	0	0	1868	837	971	549	0.8252	-0.0026	0.0868	-0.5566	
737756.16503446	0	0	12	-56	0	-706	-245	-617	0	0	0	2616	2357	-1804	338	0.2957	0.4145	0.7904	-0.3381	1	-1	0	-1	-136	-95	950	0	0	0	1868	837	971	549	0.8252	-0.0026	0.0868	-0.5566	
737756.165034995	0	0	67	-98	16	-665	-258	-409	0	0	0	2796	2477	-995	337	0.3344	0.4261	0.7292	-0.416	1	-1	0	-1	-136	-95	950	0	0	0	1868	837	971	549	0.8252	-0.0026	0.0868	-0.5566	
737756.165035721	0	0	74	-128	13	-693	-195	-238	0	0	0	2736	2777	-725	338	0.3815	0.4464	0.6607	-0.4657	1	-1	0	-1	-136	-95	950	0	0	0	1868	837	971	549	0.8252	-0.0026	0.0868	-0.5566	
737756.165036265	0	0	89	-124	22	-660	-202	-58	0	0	0	2811	2582	-171	338	0.41	0.4314	0.5912	-0.5426	1	-1	0	-1	-136	-95	950	0	0	0	1868	837	971	549	0.8252	-0.0026	0.0868	-0.5566	
737756.165036803	0	0	74	-168	9	-719	-146	96	0	0	0	2706	2777	325	335	0.453	0.4225	0.5242	-0.5813	1	-1	0	-1	-136	-95	950	0	0	0	1868	837	971	549	0.8252	-0.0026	0.0868	-0.5566	
737756.165037227	0	0	74	-164	5	-679	-131	447	0	0	0	2661	2672	939	335	0.5089	0.3521	0.424	-0.6586	1	-1	0	-1	-136	-95	950	0	0	0	1868	837	971	549	0.8252	-0.0026	0.0868	-0.5566	
737756.165037689	0	0	63	-171	1	-713	-152	570	0	0	0	2556	2417	1164	335	0.5377	0.3121	0.37	-0.6878	1	-1	0	-1	-136	-95	950	0	0	0	1868	837	971	549	0.8252	-0.0026	0.0868	-0.5566	
737756.165038233	0	0	72	-158	5	-645	-183	720	0	0	0	2556	2297	1764	335	0.5976	0.2215	0.3103	-0.7034	1	-1	0	-1	-136	-95	950	0	0	0	1868	837	971	549	0.8252	-0.0026	0.0868	-0.5566	
737756.165038777	0	0	46	-138	13	-591	-87	752	0	0	0	2481	2129	2088	334	0.6509	0.1987	0.2682	-0.68	1	-1	0	-1	-136	-95	950	0	0	0	1868	837	971	549	0.8252	-0.0026	0.0868	-0.5566	
737756.165039313	0	0	83	-149	8	-554	-79	892	0	0	0	2391	1649	2478	335	0.6706	0.168	0.2065	-0.6904	1	-1	0	-1	-136	-95	950	0	0	0	1868	837	971	549	0.8252	-0.0026	0.0868	-0.5566	
737756.165039855	0	0	13	-135	-2	-520	-20	1085	0	0	0	2211	1349	2808	335	0.6897	0.1448	0.1543	-0.6912	1	-2	1	0	-137	-86	945	0	0	0	1868	927	971	507	0.8278	0.0027	0.0849	-0.553	
737756.165040398	0	0	60	-141	-5	-419	-94	1304	0	0	0	2257	979	3088	335	0.6833	0.0823	0.1206	-0.7142	1	-2	1	0	-137	-86	945	0	0	0	1868	927	971	507	0.8278	0.0027	0.0849	-0.553	
737756.165040941	0	0	60	-141	-5	-419	-94	1304	0	0	0	2257	979	3088	335	0.6833	0.0823	0.1206	-0.7142	1	-2	1	0	-137	-86	945	0	0	0	1868	927	971	507	0.8278	0.0027	0.0849	-0.553	
737756.165041485	0	0	60	-141	-5	-419	-94	1304	0	0	0	2257	979	3088	335	0.6833	0.0823	0.1206	-0.7142	1	-2	1	0	-137	-86	945	0	0	0	1868	927	971	507	0.8278	0.0027	0.0849	-0.553	
737756.165042028	0	0	10	-15	16	-420	1	1153	0	0	0	1973	424	3313	335	0.6699	0.1074	0.0986	-0.7267	1	-2	1	0	-137	-86	945	0	0	0	1868	927	971	507	0.8278	0.0027	0.0849	-0.553	
737756.165042573	0	0	-9	-22	-1	-510	128	1533	0	0	0	1898	439	3358	335	0.6591	0.1312	0.0734	-0.7353	1	-2	1	0	-137	-86	945	0	0	0	1868	927	971	507	0.8278	0.0027	0.0849	-0.553	
737756.16504299	0	0	-9	-22	-1	-510	128	1533	0	0	0	1898	439	3358	335	0.6591	0.1312	0.0734	-0.7353	1	-2	1	0	-137	-86	945	0	0	0	1868	927	971	507	0.8278	0.0027	0.0849	-0.553	
737756.165043499	0	0	-9	-22	-1	-510	128	1533	0	0	0	1898	439	3358	335	0.6591	0.1312	0.0734	-0.7353	1	-2	1	0	-137	-86	945	0	0	0	1868	927	971	507	0.8278	0.0027	0.0849	-0.553	
737756.165044043	0	0	-9	-22	-1	-510	128	1533	0	0	0	1898	439	3358	335	0.6591	0.1312	0.0734	-0.7353	1	-2	1	0	-137	-86	945	0	0	0	1868	927	971	507	0.8278	0.0027	0.0849	-0.553	
737756.165044587	0	0	-9	-22	-1	-510	128	1533	0	0	0	1898	439	3358	335	0.6591	0.1312	0.0734	-0.7353	1	-2	1	0	-137	-86	945	0	0	0	1868	927	971	507	0.8278	0.0027	0.0849	-0.553	
737756.16504513	0	0	6	-4	5	-363	-46	897	0	0	0	2078	529	3268	335	0.6068	0.1223	0.1299	-0.7733	1	0	-4	0	-129	-77	974	0	0	0	1778	747	1121	393	0.8234	0.0092	0.0712	-0.5613	
737756.165045666	0	0	-6	-9	1	-369	12	1037	0	0	0	1973	334	3163	335	0.6039	0.1286	0.0971	-0.7793	1	1	0	1	-152	-72	951	0	0	0	1628	717	1121	394	0.8214	0.0103	0.0807	-0.5631	
737756.165046392	0	0	1	3	2	-342	-16	992	0	0	0	1988	439	3238	335	0.5892	0.1255	0.1031	-0.7904	1	-2	3	-1	-140	-62	953	0	0	0	1703	822	1106	392	0.8233	0.0146	0.0766	-0.5607	
737756.165046936	0	0	1	8	3	-344	-1	1005	0	0	0	1928	379	3298	335	0.5847	0.1296	0.0943	-0.7942	1	2	0	0	-137	-61	955	0	0	0	1658	837	1061	393	0.8217	0.0138	0.0793	-0.5627	
737756.165047474	0	0	0	11	5	-339	-26	1076	0	0	0	2003	364	3253	335	0.5839	0.1163	0.0983	-0.7963	1	0	0	0	-138	-60	950	0	0	0	1688	897	1121	393	0.8243	0.0169	0.0799	-0.5588	
737756.165048023	0	0	-18	28	3	-373	-37	1219	0	0	0	2018	469	3328	335	0.5877	0.114	0.1048	-0.793	1	0	0	0	-138	-60	950	0	0	0	1688	897	1121	393	0.8243	0.0169	0.0799	-0.5588	
737756.16504856	0	0	-38	43	7	-447	-52	1292	0	0	0	1988	619	3238	334	0.5972	0.1229	0.1232	-0.7818	1	0	0	0	-138	-60	950	0	0	0	1688	897	1121	393	0.8243	0.0169	0.0799	-0.5588	
737756.165049055	0	0	-47	65	7	-505	-50	1252	0	0	0	2183	754	3163	335	0.5999	0.1419	0.1401	-0.7737	1	0	0	0	-138	-60	950	0	0	0	1688	897	1121	393	0.8243	0.0169	0.0799	-0.5588	
737756.165049598	0	0	-44	84	8	-519	-56	1238	0	0	0	2183	964	3133	335	0.6098	0.1458	0.1478	-0.7637	1	0	0	0	-138	-60	950	0	0	0	1688	897	1121	393	0.8243	0.0169	0.0799	-0.5588	
737756.165050142	0	0	-60	96	3	-532	-48	1214	0	0	0	2108	1099	2818	333	0.6223	0.1516	0.1568	-0.7504	1	0	0	0	-138	-60	950	0	0	0	1688	897	1121	393	0.8243	0.0169	0.0799	-0.5588	
737756.165050686	0	0	-64	117	3	-547	-116	1110	0	0	0	2362	1504	2593	334	0.6535	0.1501	0.2105	-0.7101	1	6	-5	0	-180	35	952	0	0	0	1673	732	1136	549	0.8249	0.0197	0.0829	-0.5567	
737756.16505123	0	0	-79	142	0	-579	-103	932	0	0	0	2617	1998	2219	335	0.6827	0.1722	0.2546	-0.6615	1	6	-5	0	-180	35	952	0	0	0	1673	732	1136	549	0.8249	0.0197	0.0829	-0.5567	
737756.165051705	0	0	-77	149	0	-571	-137	794	0	0	0	2602	2073	2114	334	0.6851	0.1683	0.2882	-0.646	1	6	-5	0	-180	35	952	0	0	0	1673	732	1136	549	0.8249	0.0197	0.0829	-0.5567	
737756.165052423	0	0	-51	168	2	-609	-112	505	0	0	0	2668	2429	1395	335	0.6715	0.2209	0.3753	-0.598	1	6	-5	0	-180	35	952	0	0	0	1673	732	1136	549	0.8249	0.0197	0.0829	-0.5567	
737756.165052966	0	0	-70	161	-8	-634	-129	178	0	0	0	2668	2789	856	335	0.6358	0.27	0.4668	-0.5503	1	6	-5	0	-180	35	952	0	0	0	1673	732	1136	549	0.8249	0.0197	0.0829	-0.5567	
737756.16505351	0	0	-58	140	-12	-649	-196	-20	0	0	0	2758	2759	376	337	0.5809	0.2975	0.5573	-0.5113	1	6	-5	0	-180	35	952	0	0	0	1673	732	1136	549	0.8249	0.0197	0.0829	-0.5567	
737756.165054054	0	0	-54	119	-11	-698	-239	-173	0	0	0	2711	2676	-66	335	0.5351	0.3131	0.6163	-0.4836	1	6	-5	0	-180	35	952	0	0	0	1673	732	1136	549	0.8249	0.0197	0.0829	-0.5567	
737756.165054471	0	0	-47	100	-13	-737	-249	-239	0	0	0	2816	2571	-351	339	0.4921	0.3256	0.6632	-0.4583	1	6	-5	0	-180	35	952	0	0	0	1673	732	1136	549	0.8249	0.0197	0.0829	-0.5567	
737756.165055027	0	0	-37	91	-9	-762	-302	-231	0	0	0	2696	2421	-621	335	0.446	0.332	0.7015	-0.4438	1	6	-5	0	-180	35	952	0	0	0	1673	732	1136	549	0.8249	0.0197	0.0829	-0.5567	
737756.165055571	0	0	-34	92	-6	-778	-313	-248	0	0	0	2876	2511	-741	335	0.4359	0.3338	0.7075	-0.4431	1	6	-5	0	-180	35	952	0	0	0	1673	732	1136	549	0.8249	0.0197	0.0829	-0.5567	
737756.165056114	0	0	-34	92	-6	-778	-313	-248	0	0	0	2876	2511	-741	335	0.4359	0.3338	0.7075	-0.4431	1	6	-5	0	-180	35	952	0	0	0	1673	732	1136	549	0.8249	0.0197	0.0829	-0.5567	
737756.165056658	0	0	-34	92	-6	-778	-313	-248	0	0	0	2876	2511	-741	335	0.4359	0.3338	0.7075	-0.4431	1	6	-5	0	-180	35	952	0	0	0	1673	732	1136	549	0.8249	0.0197	0.0829	-0.5567	
737756.165057193	0	0	-19	63	9	-645	-307	-872	0	0	0	2680	2250	-1704	339	0.3317	0.371	0.7866	-0.3629	1	6	-5	0	-180	35	952	0	0	0	1673	732	1136	549	0.8249	0.0197	0.0829	-0.5567	
737756.165057736	0	0	4	2	10	-650	-340	-763	0	0	0	2800	2250	-1944	340	0.2942	0.3831	0.8054	-0.341	1	6	-5	0	-180	35	952	0	0	0	1673	732	1136	549	0.8249	0.0197	0.0829	-0.5567	
737756.165058464	0	0	17	-3	13	-676	-313	-675	0	0	0	2590	2160	-1734	338	0.292	0.3867	0.8034	-0.3434	1	6	-5	0	-180	35	952	0	0	0	1673	732	1136	549	0.8249	0.0197	0.0829	-0.5567	
737756.165059008	0	0	14	-22	4	-902	-260	-346	0	0	0	2695	2265	-1690	338	0.3697	0.3942	0.7402	-0.3975	1	6	-5	0	-180	35	952	0	0	0	1673	732	1136	549	0.8249	0.0197	0.0829	-0.5567	
737756.165059544	0	0	8	-15	0	-890	-264	-315	0	0	0	2665	2235	-1630	335	0.3882	0.3943	0.724	-0.4098	1	6	-5	0	-180	35	952	0	0	0	1673	732	1136	549	0.8249	0.0197	0.0829	-0.5567	
737756.165060086	0	0	-6	-11	0	-775	-327	-533	0	0	0	2695	2325	-1510	335	0.3764	0.3936	0.7332	-0.4049	1	6	-5	0	-180	35	952	0	0	0	1673	732	1136	549	0.8249	0.0197	0.0829	-0.5567	
737756.165060654	0	0	-6	-11	0	-775	-327	-533	0	0	0	2695	2325	-1510	335	0.3764	0.3936	0.7332	-0.4049	1	6	-5	0	-180	35	952	0	0	0	1673	732	1136	549	0.8249	0.0197	0.0829	-0.5567	
737756.165061197	0	0	-6	-11	0	-775	-327	-533	0	0	0	2695	2325	-1510	335	0.3764	0.3936	0.7332	-0.4049	1	6	-5	0	-180	35	952	0	0	0	1673	732	1136	549	0.8249	0.0197	0.0829	-0.5567	
737756.165061925	0	0	65	-117	18	-604	-239	-529	0	0	0	2650	2610	-955	339	0.3302	0.4298	0.7436	-0.3892	1	6	-5	0	-180	35	952	0	0	0	1673	732	1136	549	0.8249	0.0197	0.0829	-0.5567	
737756.165062469	0	0	92	-134	30	-621	-207	-275	0	0	0	2905	2745	-490	337	0.3558	0.4419	0.6925	-0.4423	1	6	-5	0	-180	35	952	0	0	0	1673	732	1136	549	0.8249	0.0197	0.0829	-0.5567	
737756.165063012	0	0	77	-156	22	-713	-152	19	0	0	0	2665	2805	-71	335	0.437	0.4303	0.585	-0.5273	1	6	-5	0	-180	35	952	0	0	0	1673	732	1136	549	0.8249	0.0197	0.0829	-0.5567	
737756.165063547	0	0	70	-150	19	-791	-74	335	0	0	0	2620	2737	572	335	0.5118	0.3949	0.4704	-0.5978	1	6	-5	0	-180	35	952	0	0	0	1673	732	1136	549	0.8249	0.0197	0.0829	-0.5567	
737756.165064274	0	0	37	-163	1	-756	-123	408	0	0	0	2470	2737	902	337	0.5622	0.3406	0.4011	-0.6356	1	6	-5	0	-180	35	952	0	0	0	1673	732	1136	549	0.8249	0.0197	0.0829	-0.5567	
737756.165064818	0	0	41	-133	18	-759	-35	539	0	0	0	2440	2527	1471	335	0.6033	0.2927	0.3324	-0.6615	1	6	-5	0	-180	35	952	0	0	0	1673	732	1136	549	0.8249	0.0197	0.0829	-0.5567	
737756.165065362	0	0	70	-146	9	-620	-134	756	0	0	0	2391	2233	2025	335	0.6226	0.2359	0.286	-0.6865	1	6	-5	0	-180	35	952	0	0	0	1673	732	1136	549	0.8249	0.0197	0.0829	-0.5567	
737756.165065897	0	0	15	-157	-7	-654	-72	885	0	0	0	2376	2008	2280	335	0.6688	0.2099	0.2228	-0.6755	1	6	-5	0	-180	35	952	0	0	0	1673	732	1136	549	0.8249	0.0197	0.0829	-0.5567	
737756.165066418	0	0	49	-150	4	-549	-135	1021	0	0	0	2211	1783	2535	335	0.6794	0.1374	0.2134	-0.6869	1	0	0	0	-142	-97	945	0	0	0	1838	747	971	517	0.8246	-0.0032	0.0891	-0.5571	
737756.165067147	0	0	31	-104	8	-518	-66	1084	0	0	0	2076	1349	2940	335	0.7111	0.12	0.1527	-0.674	1	-1	0	0	-138	-93	943	0	0	0	1838	747	971	516	0.8227	-0.0037	0.087	-0.5603	
737756.165067688	0	0	48	-71	23	-468	11	1312	0	0	0	2128	1003	3251	335	0.7096	0.1128	0.1064	-0.6859	1	-1	0	0	-138	-93	943	0	0	0	1838	747	971	516	0.8227	-0.0037	0.087	-0.5603	
737756.165068232	0	0	19	-52	17	-456	-17	942	0	0	0	2173	1138	3236	335	0.7006	0.1357	0.1387	-0.6851	1	-1	0	0	-138	-93	943	0	0	0	1838	747	971	516	0.8227	-0.0037	0.087	-0.5603	
737756.165068768	0	0	64	-108	-11	-567	392	2474	0	0	0	1933	688	3236	335	0.6867	0.1438	0.0621	-0.7075	1	-1	0	0	-138	-93	943	0	0	0	1838	747	971	516	0.8227	-0.0037	0.087	-0.5603	
737756.165069311	0	0	-43	64	11	-475	-88	454	0	0	0	1993	808	3296	338	0.6775	0.1509	0.1349	-0.7052	1	-1	0	0	-138	-93	943	0	0	0	1838	747	971	516	0.8227	-0.0037	0.087	-0.5603	
737756.165070038	0	0	22	-32	6	-338	5	538	0	0	0	1963	1078	3206	340	0.6605	0.1837	0.1654	-0.7075	1	-1	0	0	-138	-93	943	0	0	0	1838	747	971	516	0.8227	-0.0037	0.087	-0.5603	
737756.165070582	0	0	12	-55	-5	-466	95	1227	0	0	0	1753	868	3266	338	0.6625	0.1592	0.1105	-0.7211	1	-1	0	0	-138	-93	943	0	0	0	1838	747	971	516	0.8227	-0.0037	0.087	-0.5603	
737756.165071124	0	0	-15	22	2	-411	-85	773	0	0	0	1948	823	3281	335	0.6548	0.1242	0.1358	-0.7313	1	-1	0	0	-138	-93	943	0	0	0	1838	747	971	516	0.8227	-0.0037	0.087	-0.5603	
737756.165071661	0	0	7	-14	2	-470	46	941	0	0	0	1978	913	3251	335	0.6482	0.1668	0.1327	-0.7294	1	-1	0	0	-138	-93	943	0	0	0	1838	747	971	516	0.8227	-0.0037	0.087	-0.5603	
737756.165072226	0	0	7	-14	2	-470	46	941	0	0	0	1978	913	3251	335	0.6482	0.1668	0.1327	-0.7294	1	-1	0	0	-138	-93	943	0	0	0	1838	747	971	516	0.8227	-0.0037	0.087	-0.5603	
737756.165072955	0	0	5	-5	1	-434	8	977	0	0	0	1918	763	3191	335	0.6174	0.157	0.1199	-0.7602	1	-1	0	0	-138	-93	943	0	0	0	1838	747	971	516	0.8227	-0.0037	0.087	-0.5603	
737756.165073499	0	0	-6	0	0	-411	0	934	0	0	0	1978	793	3371	335	0.612	0.1553	0.1217	-0.7647	1	-1	0	0	-138	-93	943	0	0	0	1838	747	971	516	0.8227	-0.0037	0.087	-0.5603	
737756.165074034	0	0	-7	-4	-1	-425	11	967	0	0	0	2083	808	3326	335	0.6061	0.1623	0.121	-0.7681	1	-1	0	0	-138	-93	943	0	0	0	1838	747	971	516	0.8227	-0.0037	0.087	-0.5603	
737756.165074577	0	0	-16	-1	-3	-431	-4	1030	0	0	0	1978	763	3341	335	0.6003	0.1523	0.1216	-0.7745	1	-1	0	0	-138	-93	943	0	0	0	1838	747	971	516	0.8227	-0.0037	0.087	-0.5603	
737756.165075306	0	0	-15	8	-2	-422	-50	1087	0	0	0	2008	823	3131	335	0.6057	0.1303	0.1335	-0.7723	1	-1	0	0	-138	-93	943	0	0	0	1838	747	971	516	0.8227	-0.0037	0.087	-0.5603	
737756.165075848	0	0	-26	16	0	-471	-45	1246	0	0	0	2083	778	3266	335	0.6124	0.1279	0.1256	-0.7688	1	-1	0	0	-138	-93	943	0	0	0	1838	747	971	516	0.8227	-0.0037	0.087	-0.5603	
737756.165076392	0	0	-45	42	0	-537	-64	1258	0	0	0	2098	973	3131	335	0.6171	0.1426	0.1518	-0.7576	1	-1	0	0	-138	-93	943	0	0	0	1838	747	971	516	0.8227	-0.0037	0.087	-0.5603	
737756.165076927	0	0	-53	66	0	-541	-97	1315	0	0	0	2323	1078	2936	335	0.6263	0.1305	0.1614	-0.75	1	-1	0	0	-138	-93	943	0	0	0	1838	747	971	516	0.8227	-0.0037	0.087	-0.5603	
737756.165077654	0	0	-70	108	2	-551	-122	1169	0	0	0	2293	1347	2697	335	0.6522	0.1395	0.2008	-0.7163	1	-6	4	0	-167	0	935	0	0	0	1733	732	1136	572	0.8215	0.0189	0.0605	-0.5648	
737756.165078211	0	0	-69	121	4	-556	-139	1075	0	0	0	2652	1587	2337	335	0.6712	0.1405	0.226	-0.6905	1	-11	4	-3	-90	-71	958	0	0	0	1808	807	971	579	0.8212	0.0001	0.0617	-0.5658	
737756.165078754	0	0	-72	147	6	-559	-152	925	0	0	0	2532	2037	2067	335	0.6967	0.1492	0.2685	-0.6467	1	-11	4	-3	-90	-71	958	0	0	0	1808	807	971	579	0.8212	0.0001	0.0617	-0.5658	
737756.165079296	0	0	-68	155	4	-583	-118	727	0	0	0	2651	2135	1717	334	0.7045	0.172	0.3102	-0.6132	1	-11	4	-3	-90	-71	958	0	0	0	1808	807	971	579	0.8212	0.0001	0.0617	-0.5658	
737756.165079842	0	0	-69	162	3	-600	-165	506	0	0	0	2591	2435	1088	335	0.6848	0.1913	0.4024	-0.5751	1	-11	4	-3	-90	-71	958	0	0	0	1808	807	971	579	0.8212	0.0001	0.0617	-0.5658	
737756.165080386	0	0	-54	169	5	-641	-176	232	0	0	0	2801	2644	728	335	0.6557	0.214	0.4713	-0.5478	1	-11	4	-3	-90	-71	958	0	0	0	1808	807	971	579	0.8212	0.0001	0.0617	-0.5658	
737756.16508093	0	0	-69	131	-8	-663	-180	75	0	0	0	2771	2734	338	335	0.6222	0.2419	0.5369	-0.5139	1	-11	4	-3	-90	-71	958	0	0	0	1808	807	971	579	0.8212	0.0001	0.0617	-0.5658	
737756.165081466	0	0	-52	135	-4	-687	-223	-46	0	0	0	2651	2850	-41	335	0.569	0.2634	0.614	-0.4775	1	-11	4	-3	-90	-71	958	0	0	0	1808	807	971	579	0.8212	0.0001	0.0617	-0.5658	
737756.165082015	0	0	-61	119	-5	-693	-236	-251	0	0	0	2741	2670	-610	335	0.4987	0.288	0.6924	-0.4326	1	-11	4	-3	-90	-71	958	0	0	0	1808	807	971	579	0.8212	0.0001	0.0617	-0.5658	
737756.165082735	0	0	-70	109	-7	-696	-250	-295	0	0	0	2726	2596	-745	335	0.4853	0.2911	0.7066	-0.4226	1	-11	4	-3	-90	-71	958	0	0	0	1808	807	971	579	0.8212	0.0001	0.0617	-0.5658	
737756.165083279	0	0	-70	109	-7	-696	-250	-295	0	0	0	2726	2596	-745	335	0.4853	0.2911	0.7066	-0.4226	1	-11	4	-3	-90	-71	958	0	0	0	1808	807	971	579	0.8212	0.0001	0.0617	-0.5658	
737756.165083779	0	0	-70	109	-7	-696	-250	-295	0	0	0	2726	2596	-745	335	0.4853	0.2911	0.7066	-0.4226	1	-11	4	-3	-90	-71	958	0	0	0	1808	807	971	579	0.8212	0.0001	0.0617	-0.5658	
737756.165084505	0	0	-1	53	11	-728	-286	-637	0	0	0	2544	2361	-1787	335	0.3504	0.3454	0.8025	-0.3349	1	0	0	0	-148	-94	953	0	0	0	1838	867	1061	530	0.8281	0.0019	0.0883	-0.5521	
737756.165085049	0	0	-14	37	8	-741	-227	-689	0	0	0	2679	2196	-1982	339	0.332	0.3675	0.8062	-0.3209	1	0	0	0	-148	-94	953	0	0	0	1838	867	1061	530	0.8281	0.0019	0.0883	-0.5521	
737756.165085593	0	0	0	0	2	-710	-242	-692	0	0	0	2709	2256	-1982	339	0.3177	0.3828	0.8074	-0.3146	1	0	0	0	-148	-94	953	0	0	0	1838	867	1061	530	0.8281	0.0019	0.0883	-0.5521	
737756.165086136	0	0	12	-9	8	-752	-262	-578	0	0	0	2619	2346	-1922	338	0.3228	0.3895	0.7949	-0.3325	1	0	0	0	-148	-94	953	0	0	0	1838	867	1061	530	0.8281	0.0019	0.0883	-0.5521	
737756.165086672	0	0	11	-22	4	-836	-252	-439	0	0	0	2679	2226	-1832	338	0.3529	0.3919	0.7676	-0.3614	1	0	0	0	-148	-94	953	0	0	0	1838	867	1061	530	0.8281	0.0019	0.0883	-0.5521	
737756.165087576	0	0	2	-13	0	-854	-291	-411	0	0	0	2604	2331	-1757	338	0.3764	0.3902	0.745	-0.3865	1	0	0	0	-148	-94	953	0	0	0	1838	867	1061	530	0.8281	0.0019	0.0883	-0.5521	
737756.165088118	0	0	2	-13	0	-854	-291	-411	0	0	0	2604	2331	-1757	338	0.3764	0.3902	0.745	-0.3865	1	0	0	0	-148	-94	953	0	0	0	1838	867	1061	530	0.8281	0.0019	0.0883	-0.5521	
737756.165088662	0	0	2	-13	0	-854	-291	-411	0	0	0	2604	2331	-1757	338	0.3764	0.3902	0.745	-0.3865	1	-1	-1	0	-149	-98	951	0	0	0	1748	837	1031	535	0.8242	0.0013	0.0905	-0.5575	
737756.165089088	0	0	2	-13	0	-854	-291	-411	0	0	0	2604	2331	-1757	338	0.3764	0.3902	0.745	-0.3865	1	-1	-1	0	-149	-98	951	0	0	0	1748	837	1031	535	0.8242	0.0013	0.0905	-0.5575	
737756.165089589	0	0	2	-13	0	-854	-291	-411	0	0	0	2604	2331	-1757	338	0.3764	0.3902	0.745	-0.3865	1	-1	-1	0	-149	-98	951	0	0	0	1748	837	1031	535	0.8242	0.0013	0.0905	-0.5575	
737756.165090316	0	0	2	-13	0	-854	-291	-411	0	0	0	2604	2331	-1757	338	0.3764	0.3902	0.745	-0.3865	1	-1	-1	0	-149	-98	951	0	0	0	1748	837	1031	535	0.8242	0.0013	0.0905	-0.5575	
737756.16509086	0	0	2	-13	0	-854	-291	-411	0	0	0	2604	2331	-1757	338	0.3764	0.3902	0.745	-0.3865	1	-1	-1	0	-149	-98	951	0	0	0	1748	837	1031	535	0.8242	0.0013	0.0905	-0.5575	
737756.165091404	0	0	52	-97	14	-566	-200	-724	0	0	0	2604	2601	-1337	339	0.3174	0.4341	0.7637	-0.3547	1	-1	-1	0	-149	-98	951	0	0	0	1748	837	1031	535	0.8242	0.0013	0.0905	-0.5575	
737756.165091948	0	0	82	-139	18	-563	-160	-566	0	0	0	2739	2706	-843	338	0.3211	0.4653	0.7358	-0.3703	1	-1	-1	0	-149	-98	951	0	0	0	1748	837	1031	535	0.8242	0.0013	0.0905	-0.5575	
737756.165092482	0	0	93	-168	18	-523	-165	-332	0	0	0	2709	2826	-393	338	0.3397	0.4884	0.6823	-0.4219	1	-1	-1	0	-149	-98	951	0	0	0	1748	837	1031	535	0.8242	0.0013	0.0905	-0.5575	
737756.16509321	0	0	82	-200	13	-598	-137	222	0	0	0	2600	2817	640	337	0.4232	0.451	0.5554	-0.5528	1	-1	-1	0	-149	-98	951	0	0	0	1748	837	1031	535	0.8242	0.0013	0.0905	-0.5575	
737756.165093753	0	0	76	-201	10	-630	-119	569	0	0	0	2585	2772	895	335	0.4529	0.4245	0.5084	-0.5939	1	-1	-1	0	-149	-98	951	0	0	0	1748	837	1031	535	0.8242	0.0013	0.0905	-0.5575	
737756.165094297	0	0	59	-182	7	-731	-79	877	0	0	0	2555	2562	1704	335	0.4915	0.3807	0.4368	-0.6475	1	-1	-1	0	-149	-98	951	0	0	0	1748	837	1031	535	0.8242	0.0013	0.0905	-0.5575	
737756.165094833	0	0	40	-127	12	-722	-113	1106	0	0	0	2451	2308	2167	335	0.5321	0.3158	0.3371	-0.7071	1	-1	-1	0	-149	-98	951	0	0	0	1748	837	1031	535	0.8242	0.0013	0.0905	-0.5575	
737756.165095352	0	0	53	-106	16	-702	-105	838	0	0	0	2181	2068	2197	335	0.5605	0.2593	0.2668	-0.7375	1	-1	-1	0	-149	-98	951	0	0	0	1748	837	1031	535	0.8242	0.0013	0.0905	-0.5575	
737756.1650959	0	0	7	-128	7	-656	-74	1006	0	0	0	2211	2038	2556	335	0.6077	0.2157	0.2159	-0.7307	1	-1	-1	0	-149	-98	951	0	0	0	1748	837	1031	535	0.8242	0.0013	0.0905	-0.5575	
737756.165096442	0	0	52	-112	5	-517	-55	800	0	0	0	2346	1543	2841	335	0.6259	0.1882	0.1966	-0.7291	1	1	0	0	-143	-100	952	0	0	0	1883	882	896	495	0.8234	0.0009	0.0918	-0.5585	
737756.165096982	0	0	12	-92	7	-433	-23	1218	0	0	0	2151	1259	3006	335	0.6656	0.1231	0.1216	-0.7245	1	1	0	0	-143	-100	952	0	0	0	1883	882	896	495	0.8234	0.0009	0.0918	-0.5585	
737756.165097526	0	0	46	-76	12	-432	-61	1198	0	0	0	2151	959	3126	335	0.6707	0.1048	0.1249	-0.722	1	1	0	0	-143	-100	952	0	0	0	1883	882	896	495	0.8234	0.0009	0.0918	-0.5585	
737756.16509807	0	0	17	-22	17	-483	-12	1140	0	0	0	2117	971	3289	335	0.6696	0.1335	0.1262	-0.7181	1	1	0	0	-143	-100	952	0	0	0	1883	882	896	495	0.8234	0.0009	0.0918	-0.5585	
737756.165098612	0	0	60	-71	8	-870	89	1928	0	0	0	2042	926	3304	335	0.657	0.1612	0.1073	-0.7273	1	1	0	0	-143	-100	952	0	0	0	1883	882	896	495	0.8234	0.0009	0.0918	-0.5585	
737756.165099149	0	0	-73	61	6	-532	-25	838	0	0	0	1952	866	3334	335	0.6493	0.1612	0.1328	-0.7296	1	1	0	0	-143	-100	952	0	0	0	1883	882	896	495	0.8234	0.0009	0.0918	-0.5585	
737756.165099876	0	0	20	-48	1	-405	22	794	0	0	0	2102	896	3214	335	0.6337	0.1858	0.1532	-0.7328	1	1	0	0	-143	-100	952	0	0	0	1883	882	896	495	0.8234	0.0009	0.0918	-0.5585	
737756.165100421	0	0	13	-33	-7	-440	68	1357	0	0	0	1937	761	3349	334	0.635	0.1376	0.0834	-0.7536	1	1	0	0	-143	-100	952	0	0	0	1883	882	896	495	0.8234	0.0009	0.0918	-0.5585	
737756.165100835	0	0	-27	25	-1	-420	-51	1048	0	0	0	2042	806	3244	335	0.6357	0.1244	0.1123	-0.7519	1	1	0	0	-143	-100	952	0	0	0	1883	882	896	495	0.8234	0.0009	0.0918	-0.5585	
737756.165101337	0	0	5	0	5	-427	-36	763	0	0	0	1832	956	3184	335	0.6256	0.1592	0.1634	-0.7446	1	1	0	0	-143	-100	952	0	0	0	1883	882	896	495	0.8234	0.0009	0.0918	-0.5585	
737756.16510188	0	0	-6	-3	-2	-468	33	1048	0	0	0	1892	896	3274	335	0.6177	0.169	0.1188	-0.7577	1	1	0	0	-143	-100	952	0	0	0	1883	882	896	495	0.8234	0.0009	0.0918	-0.5585	
737756.165102607	0	0	1	-3	1	-434	-26	895	0	0	0	2102	986	3244	334	0.6027	0.165	0.1452	-0.766	1	1	0	0	-143	-100	952	0	0	0	1883	882	896	495	0.8234	0.0009	0.0918	-0.5585	
737756.165103152	0	0	0	-3	0	-444	5	1006	0	0	0	2072	836	3214	335	0.6018	0.1626	0.1232	-0.7711	1	1	0	0	-143	-100	952	0	0	0	1883	882	896	495	0.8234	0.0009	0.0918	-0.5585	
737756.165103695	0	0	-15	-4	-3	-435	4	942	0	0	0	1967	761	3229	335	0.5985	0.1663	0.1254	-0.7725	1	1	0	0	-143	-100	952	0	0	0	1883	882	896	495	0.8234	0.0009	0.0918	-0.5585	
737756.16510423	0	0	-28	1	-5	-413	-12	1204	0	0	0	1907	911	3259	335	0.6133	0.1336	0.1202	-0.7678	1	1	0	0	-143	-100	952	0	0	0	1883	882	896	495	0.8234	0.0009	0.0918	-0.5585	
737756.165104958	0	0	-51	21	-3	-455	-146	1298	0	0	0	2222	926	3124	338	0.6246	0.0997	0.1593	-0.7567	1	1	0	0	-143	-100	952	0	0	0	1883	882	896	495	0.8234	0.0009	0.0918	-0.5585	
737756.165105501	0	0	-44	59	10	-555	-161	1298	0	0	0	2162	1106	3034	335	0.6327	0.12	0.1835	-0.7415	1	1	0	0	-143	-100	952	0	0	0	1883	882	896	495	0.8234	0.0009	0.0918	-0.5585	
737756.165106045	0	0	-52	80	10	-625	-114	1283	0	0	0	2252	1226	2824	335	0.6393	0.1459	0.1914	-0.729	1	1	0	0	-143	-100	952	0	0	0	1883	882	896	495	0.8234	0.0009	0.0918	-0.5585	
737756.16510646	0	0	-51	115	11	-571	-157	1144	0	0	0	2417	1391	2599	335	0.6533	0.1369	0.2168	-0.7111	1	-5	1	-2	-118	-2	964	0	0	0	1688	837	1001	549	0.8228	0.0284	0.0686	-0.5618	
737756.165106924	0	0	-53	122	12	-584	-144	1033	0	0	0	2477	1690	2509	335	0.6668	0.1512	0.2384	-0.6884	1	-8	3	0	-148	-19	950	0	0	0	1763	912	1076	551	0.824	0.0304	0.0736	-0.5593	
737756.165107468	0	0	-59	131	9	-594	-116	991	0	0	0	2402	2005	2254	334	0.6888	0.1659	0.2501	-0.6584	1	-8	3	0	-148	-19	950	0	0	0	1763	912	1076	551	0.824	0.0304	0.0736	-0.5593	
737756.165108012	0	0	-57	149	4	-641	-99	739	0	0	0	2529	2270	1716	335	0.7036	0.1934	0.3135	-0.6061	1	-8	3	0	-148	-19	950	0	0	0	1763	912	1076	551	0.824	0.0304	0.0736	-0.5593	
737756.165108547	0	0	-55	155	2	-647	-118	580	0	0	0	2649	2390	1596	335	0.6922	0.2098	0.3566	-0.5898	1	-8	3	0	-148	-19	950	0	0	0	1763	912	1076	551	0.824	0.0304	0.0736	-0.5593	
737756.165109274	0	0	-53	155	-3	-675	-160	224	0	0	0	2634	2735	831	335	0.6429	0.2556	0.4719	-0.5447	1	-8	3	0	-148	-19	950	0	0	0	1763	912	1076	551	0.824	0.0304	0.0736	-0.5593	
737756.165109817	0	0	-63	143	-10	-644	-189	69	0	0	0	2574	2645	501	335	0.6168	0.2685	0.5179	-0.5266	1	-8	3	0	-148	-19	950	0	0	0	1763	912	1076	551	0.824	0.0304	0.0736	-0.5593	
737756.165110362	0	0	-33	119	-6	-700	-255	-14	0	0	0	2816	2772	-3	338	0.5405	0.2848	0.6213	-0.4888	1	-8	3	0	-148	-19	950	0	0	0	1763	912	1076	551	0.824	0.0304	0.0736	-0.5593	
737756.165110898	0	0	-27	125	-2	-775	-214	-174	0	0	0	2621	2847	-378	335	0.4943	0.3129	0.6629	-0.4653	1	-8	3	0	-148	-19	950	0	0	0	1763	912	1076	551	0.824	0.0304	0.0736	-0.5593	
737756.16511144	0	0	-52	94	-12	-771	-247	-286	0	0	0	2831	2757	-588	335	0.472	0.3245	0.687	-0.4451	1	-8	3	0	-148	-19	950	0	0	0	1763	912	1076	551	0.824	0.0304	0.0736	-0.5593	
737756.165112167	0	0	-52	94	-12	-771	-247	-286	0	0	0	2831	2757	-588	335	0.472	0.3245	0.687	-0.4451	1	-8	3	0	-148	-19	950	0	0	0	1763	912	1076	551	0.824	0.0304	0.0736	-0.5593	
737756.165112689	0	0	-52	94	-12	-771	-247	-286	0	0	0	2831	2757	-588	335	0.472	0.3245	0.687	-0.4451	1	-8	3	0	-148	-19	950	0	0	0	1763	912	1076	551	0.824	0.0304	0.0736	-0.5593	
737756.165113417	0	0	-32	60	1	-720	-329	-567	0	0	0	2648	2424	-1687	339	0.3527	0.364	0.7759	-0.3732	1	-8	3	0	-148	-19	950	0	0	0	1763	912	1076	551	0.824	0.0304	0.0736	-0.5593	
737756.165113961	0	0	11	69	18	-724	-270	-625	0	0	0	2588	2214	-1777	338	0.325	0.3803	0.7873	-0.3581	1	-8	3	0	-148	-19	950	0	0	0	1763	912	1076	551	0.824	0.0304	0.0736	-0.5593	
737756.165114505	0	0	-14	21	6	-689	-288	-807	0	0	0	2648	2214	-1807	339	0.2985	0.4002	0.7994	-0.3316	1	-8	3	0	-148	-19	950	0	0	0	1763	912	1076	551	0.824	0.0304	0.0736	-0.5593	
737756.16511504	0	0	16	0	8	-718	-248	-635	0	0	0	2573	2229	-1852	340	0.2933	0.4168	0.7922	-0.333	1	-8	3	0	-148	-19	950	0	0	0	1763	912	1076	551	0.824	0.0304	0.0736	-0.5593	
737756.165115767	0	0	0	-21	1	-764	-283	-528	0	0	0	2528	2274	-1837	339	0.3132	0.4214	0.7712	-0.3575	1	-8	3	0	-148	-19	950	0	0	0	1763	912	1076	551	0.824	0.0304	0.0736	-0.5593	
737756.165116311	0	0	8	-20	4	-824	-249	-451	0	0	0	2633	2289	-1852	338	0.3353	0.4229	0.751	-0.3782	1	-8	3	0	-148	-19	950	0	0	0	1763	912	1076	551	0.824	0.0304	0.0736	-0.5593	
737756.165116855	0	0	8	-20	4	-824	-249	-451	0	0	0	2633	2289	-1852	338	0.3353	0.4229	0.751	-0.3782	1	-8	3	0	-148	-19	950	0	0	0	1763	912	1076	551	0.824	0.0304	0.0736	-0.5593	
737756.165117397	0	0	8	-20	4	-824	-249	-451	0	0	0	2633	2289	-1852	338	0.3353	0.4229	0.751	-0.3782	1	-8	3	0	-148	-19	950	0	0	0	1763	912	1076	551	0.824	0.0304	0.0736	-0.5593	
737756.165117933	0	0	8	-20	4	-824	-249	-451	0	0	0	2633	2289	-1852	338	0.3353	0.4229	0.751	-0.3782	1	-8	3	0	-148	-19	950	0	0	0	1763	912	1076	551	0.824	0.0304	0.0736	-0.5593	
737756.165118359	0	0	50	-111	7	-660	-225	-591	0	0	0	2633	2619	-1193	338	0.3147	0.4535	0.7461	-0.3702	1	-8	3	0	-148	-19	950	0	0	0	1763	912	1076	551	0.824	0.0304	0.0736	-0.5593	
737756.165118881	0	0	74	-126	12	-756	-236	-223	0	0	0	2588	2604	-1178	338	0.3584	0.4469	0.6856	-0.446	1	-8	3	0	-148	-19	950	0	0	0	1763	912	1076	551	0.824	0.0304	0.0736	-0.5593	
737756.165119425	0	0	52	-122	10	-827	-253	-3	0	0	0	2663	2619	-473	335	0.4083	0.4212	0.6205	-0.517	1	-8	3	0	-148	-19	950	0	0	0	1763	912	1076	551	0.824	0.0304	0.0736	-0.5593	
737756.165119969	0	0	62	-117	11	-922	-181	207	0	0	0	2738	2694	20	335	0.481	0.3899	0.524	-0.582	1	-8	3	0	-148	-19	950	0	0	0	1763	912	1076	551	0.824	0.0304	0.0736	-0.5593	
737756.165120513	0	0	15	-110	-1	-867	-234	288	0	0	0	2706	2834	317	335	0.5239	0.3516	0.482	-0.6064	1	-8	3	0	-148	-19	950	0	0	0	1763	912	1076	551	0.824	0.0304	0.0736	-0.5593	
737756.165121057	0	0	89	-69	27	-828	-218	100	0	0	0	2646	2864	587	335	0.5068	0.3566	0.4989	-0.6043	1	-8	3	0	-148	-19	950	0	0	0	1763	912	1076	551	0.824	0.0304	0.0736	-0.5593	
737756.165121592	0	0	13	-120	-1	-802	-189	306	0	0	0	2721	2639	902	335	0.5387	0.3478	0.4475	-0.6218	1	-8	3	0	-148	-19	950	0	0	0	1763	912	1076	551	0.824	0.0304	0.0736	-0.5593	
737756.165122135	0	0	64	-98	18	-748	-197	281	0	0	0	2646	2714	1097	335	0.5301	0.3275	0.4514	-0.6374	1	-8	3	0	-148	-19	950	0	0	0	1763	912	1076	551	0.824	0.0304	0.0736	-0.5593	
737756.165122677	0	0	-6	-136	-7	-702	-217	550	0	0	0	2481	2429	1651	335	0.5745	0.2571	0.3714	-0.6805	1	-8	3	0	-148	-19	950	0	0	0	1763	912	1076	551	0.824	0.0304	0.0736	-0.5593	
737756.165123221	0	0	72	-89	18	-694	-194	553	0	0	0	2511	2367	1717	335	0.5832	0.2432	0.3701	-0.6796	1	-8	3	0	-148	-19	950	0	0	0	1763	912	1076	551	0.824	0.0304	0.0736	-0.5593	
737756.165123765	0	0	0	-123	7	-618	-151	572	0	0	0	2331	2127	2017	335	0.6081	0.2306	0.3243	-0.6856	1	-8	3	0	-148	-19	950	0	0	0	1763	912	1076	551	0.824	0.0304	0.0736	-0.5593	
737756.165124296	0	0	55	-130	10	-562	-117	745	0	0	0	2526	1873	2362	335	0.6299	0.1932	0.2599	-0.7035	1	2	-2	0	-136	-74	954	0	0	0	1808	777	1091	495	0.8232	0.004	0.0828	-0.5601	
737756.165124831	0	0	0	-158	-10	-546	-101	968	0	0	0	2166	1483	2692	335	0.6587	0.1516	0.1946	-0.7092	1	0	0	0	-150	-110	960	0	0	0	1718	867	1091	492	0.8254	-0.0001	0.0935	-0.5552	
737756.165125558	0	0	73	-107	21	-456	-65	1172	0	0	0	2076	1154	2871	335	0.689	0.1145	0.1402	-0.7005	1	0	0	0	-150	-110	960	0	0	0	1718	867	1091	492	0.8254	-0.0001	0.0935	-0.5552	
737756.165126102	0	0	32	-101	9	-435	31	1248	0	0	0	2106	944	3081	335	0.6916	0.1201	0.0971	-0.7043	1	0	0	0	-150	-110	960	0	0	0	1718	867	1091	492	0.8254	-0.0001	0.0935	-0.5552	
737756.165126646	0	0	101	-118	21	-1024	-19	2107	0	0	0	1896	704	3201	334	0.6836	0.1132	0.1014	-0.7121	1	0	0	0	-150	-110	960	0	0	0	1718	867	1091	492	0.8254	-0.0001	0.0935	-0.5552	
737756.165127182	0	0	-72	129	21	-569	-150	1042	0	0	0	1761	569	3336	335	0.6833	0.1057	0.0831	-0.7155	1	0	0	0	-150	-110	960	0	0	0	1718	867	1091	492	0.8254	-0.0001	0.0935	-0.5552	
737756.165127724	0	0	23	2	8	-292	-4	437	0	0	0	1941	809	3186	337	0.6726	0.1541	0.1412	-0.7082	1	0	0	0	-150	-110	960	0	0	0	1718	867	1091	492	0.8254	-0.0001	0.0935	-0.5552	
737756.165128267	0	0	5	-35	2	-360	114	896	0	0	0	1971	689	3156	335	0.6615	0.1707	0.0757	-0.7249	1	0	0	0	-150	-110	960	0	0	0	1718	867	1091	492	0.8254	-0.0001	0.0935	-0.5552	
737756.16512881	0	0	-2	-16	-10	-408	72	1327	0	0	0	1776	614	3261	335	0.6531	0.1241	0.0725	-0.7422	1	0	0	0	-150	-110	960	0	0	0	1718	867	1091	492	0.8254	-0.0001	0.0935	-0.5552	
737756.165129355	0	0	-21	25	2	-439	-33	870	0	0	0	1851	929	3396	335	0.6442	0.1407	0.1347	-0.738	1	0	0	0	-150	-110	960	0	0	0	1718	867	1091	492	0.8254	-0.0001	0.0935	-0.5552	
737756.165129784	0	0	0	1	1	-415	-11	767	0	0	0	1896	764	3291	335	0.6326	0.1635	0.1465	-0.7415	1	0	0	0	-150	-110	960	0	0	0	1718	867	1091	492	0.8254	-0.0001	0.0935	-0.5552	
737756.165130247	0	0	-3	-7	-4	-410	24	1034	0	0	0	1971	659	3186	335	0.6197	0.1487	0.1034	-0.7623	1	0	0	0	-150	-110	960	0	0	0	1718	867	1091	492	0.8254	-0.0001	0.0935	-0.5552	
737756.165130791	0	0	-10	-2	-1	-406	-5	984	0	0	0	1941	719	3306	335	0.6128	0.1443	0.1171	-0.7669	1	0	0	0	-150	-110	960	0	0	0	1718	867	1091	492	0.8254	-0.0001	0.0935	-0.5552	
737756.165131327	0	0	-16	0	-2	-395	8	962	0	0	0	1956	674	3291	335	0.6095	0.148	0.1114	-0.7697	1	0	0	0	-150	-110	960	0	0	0	1718	867	1091	492	0.8254	-0.0001	0.0935	-0.5552	
737756.165131869	0	0	-11	0	-3	-386	19	1115	0	0	0	2031	689	3246	335	0.6107	0.1349	0.0979	-0.7729	1	0	0	0	-150	-110	960	0	0	0	1718	867	1091	492	0.8254	-0.0001	0.0935	-0.5552	
737756.165132596	0	0	-21	39	3	-427	-46	1346	0	0	0	1941	809	3276	335	0.617	0.1174	0.1209	-0.7673	1	0	0	0	-150	-110	960	0	0	0	1718	867	1091	492	0.8254	-0.0001	0.0935	-0.5552	
737756.16513314	0	0	-53	68	0	-543	-58	1376	0	0	0	2166	914	3111	335	0.626	0.1353	0.1453	-0.753	1	0	0	0	-150	-110	960	0	0	0	1718	867	1091	492	0.8254	-0.0001	0.0935	-0.5552	
737756.165133684	0	0	-64	89	1	-563	-92	1319	0	0	0	2256	1124	3051	334	0.6316	0.1363	0.1653	-0.7439	1	0	0	0	-150	-110	960	0	0	0	1718	867	1091	492	0.8254	-0.0001	0.0935	-0.5552	
737756.165134225	0	0	-77	121	2	-557	-95	1241	0	0	0	2256	1394	2631	335	0.6634	0.1432	0.1921	-0.7075	1	7	-11	0	-127	46	933	0	0	0	1748	897	971	532	0.8261	0.0454	0.0573	-0.557	
737756.165134762	0	0	-84	142	5	-527	-111	1075	0	0	0	2466	1694	2481	335	0.6884	0.1403	0.2183	-0.6759	1	3	-2	2	-116	-229	997	0	0	0	1568	867	1031	556	0.8224	-0.0056	0.0935	-0.5589	
737756.16513549	0	0	-84	158	2	-521	-146	782	0	0	0	2481	2218	1866	335	0.7071	0.1511	0.2943	-0.6233	1	3	-2	2	-116	-229	997	0	0	0	1568	867	1031	556	0.8224	-0.0056	0.0935	-0.5589	
737756.165136033	0	0	-68	170	6	-577	-147	549	0	0	0	2571	2428	1477	335	0.6996	0.1737	0.3456	-0.5991	1	3	-2	2	-116	-229	997	0	0	0	1568	867	1031	556	0.8224	-0.0056	0.0935	-0.5589	
737756.165136568	0	0	-43	177	9	-617	-130	359	0	0	0	2564	2561	986	335	0.6777	0.2123	0.4195	-0.5637	1	3	-2	2	-116	-229	997	0	0	0	1568	867	1031	556	0.8224	-0.0056	0.0935	-0.5589	
737756.165137295	0	0	-59	155	-10	-634	-169	30	0	0	0	2699	2845	491	335	0.6217	0.2667	0.5336	-0.5056	1	3	-2	2	-116	-229	997	0	0	0	1568	867	1031	556	0.8224	-0.0056	0.0935	-0.5589	
737756.16513784	0	0	-63	126	-6	-706	-177	-148	0	0	0	2714	2771	-122	335	0.5652	0.2928	0.6167	-0.461	1	3	-2	2	-116	-229	997	0	0	0	1568	867	1031	556	0.8224	-0.0056	0.0935	-0.5589	
737756.165138376	0	0	-55	107	-12	-716	-228	-245	0	0	0	2742	2715	-449	335	0.509	0.3112	0.6792	-0.4252	1	3	-2	2	-116	-229	997	0	0	0	1568	867	1031	556	0.8224	-0.0056	0.0935	-0.5589	
737756.165138918	0	0	-50	107	-9	-725	-241	-267	0	0	0	2712	2805	-779	335	0.4949	0.3138	0.6927	-0.4181	1	3	-2	2	-116	-229	997	0	0	0	1568	867	1031	556	0.8224	-0.0056	0.0935	-0.5589	
737756.165139645	0	0	-50	107	-9	-725	-241	-267	0	0	0	2712	2805	-779	335	0.4949	0.3138	0.6927	-0.4181	1	3	-2	2	-116	-229	997	0	0	0	1568	867	1031	556	0.8224	-0.0056	0.0935	-0.5589	
737756.165140189	0	0	-50	107	-9	-725	-241	-267	0	0	0	2712	2805	-779	335	0.4949	0.3138	0.6927	-0.4181	1	3	-2	2	-116	-229	997	0	0	0	1568	867	1031	556	0.8224	-0.0056	0.0935	-0.5589	
737756.165140732	0	0	-50	107	-9	-725	-241	-267	0	0	0	2712	2805	-779	335	0.4949	0.3138	0.6927	-0.4181	1	-4	1	0	-146	-84	955	0	0	0	1793	852	956	534	0.8253	0.0071	0.0872	-0.5563	
737756.165141149	0	0	-51	13	-14	-735	-246	-650	0	0	0	2577	2490	-1604	338	0.3411	0.3907	0.7847	-0.3369	1	-1	1	-2	-143	-107	956	0	0	0	1748	956	1031	531	0.8276	0.0016	0.0927	-0.552	
737756.165141645	0	0	11	34	6	-792	-222	-514	0	0	0	2517	2310	-1933	338	0.3433	0.4	0.7768	-0.3421	1	-1	0	0	-146	-91	953	0	0	0	1793	942	986	532	0.8304	0.0045	0.0915	-0.548	
737756.165142181	0	0	-17	13	-7	-828	-203	-555	0	0	0	2494	2253	-1892	338	0.3505	0.41	0.7683	-0.3421	1	-1	0	0	-146	-91	953	0	0	0	1793	942	986	532	0.8304	0.0045	0.0915	-0.548	
737756.165142908	0	0	-2	8	3	-735	-272	-627	0	0	0	2569	2268	-2117	339	0.3256	0.4096	0.78	-0.3407	1	-1	0	0	-146	-91	953	0	0	0	1793	942	986	532	0.8304	0.0045	0.0915	-0.548	
737756.165143452	0	0	-1	2	2	-737	-270	-637	0	0	0	2524	2372	-1892	339	0.322	0.4111	0.7805	-0.3411	1	-1	0	0	-146	-91	953	0	0	0	1793	942	986	532	0.8304	0.0045	0.0915	-0.548	
737756.165143995	0	0	19	-18	12	-783	-234	-557	0	0	0	2449	2357	-1907	338	0.3165	0.4185	0.774	-0.352	1	-1	0	0	-146	-91	953	0	0	0	1793	942	986	532	0.8304	0.0045	0.0915	-0.548	
737756.165144538	0	0	10	-24	6	-809	-218	-489	0	0	0	2494	2372	-1743	335	0.3381	0.4262	0.755	-0.3635	1	-1	0	0	-146	-91	953	0	0	0	1793	942	986	532	0.8304	0.0045	0.0915	-0.548	
737756.165145258	0	0	10	-24	6	-809	-218	-489	0	0	0	2494	2372	-1743	335	0.3381	0.4262	0.755	-0.3635	1	-1	0	0	-146	-91	953	0	0	0	1793	942	986	532	0.8304	0.0045	0.0915	-0.548	
737756.165145802	0	0	10	-24	6	-809	-218	-489	0	0	0	2494	2372	-1743	335	0.3381	0.4262	0.755	-0.3635	1	0	-1	0	-152	-104	951	0	0	0	1793	792	1046	531	0.8252	-0.0026	0.0925	-0.5557	
737756.165146346	0	0	10	-24	6	-809	-218	-489	0	0	0	2494	2372	-1743	335	0.3381	0.4262	0.755	-0.3635	1	0	-1	0	-152	-104	951	0	0	0	1793	792	1046	531	0.8252	-0.0026	0.0925	-0.5557	
737756.165146889	0	0	32	-41	21	-751	-249	-518	0	0	0	2464	2552	-1443	338	0.3358	0.4399	0.7375	-0.3849	1	0	-1	0	-152	-104	951	0	0	0	1793	792	1046	531	0.8252	-0.0026	0.0925	-0.5557	
737756.165147395	0	0	33	-76	19	-782	-233	-444	0	0	0	2494	2732	-1113	335	0.3501	0.4563	0.7074	-0.4088	1	0	-1	0	-152	-104	951	0	0	0	1793	792	1046	531	0.8252	-0.0026	0.0925	-0.5557	
737756.165148117	0	0	37	-89	19	-804	-189	-333	0	0	0	2524	2822	-843	338	0.3796	0.4666	0.6649	-0.4409	1	0	-1	0	-152	-104	951	0	0	0	1793	792	1046	531	0.8252	-0.0026	0.0925	-0.5557	
737756.165148661	0	0	36	-103	15	-792	-162	-282	0	0	0	2464	2882	-543	339	0.3983	0.472	0.6371	-0.4593	1	0	-1	0	-152	-104	951	0	0	0	1793	792	1046	531	0.8252	-0.0026	0.0925	-0.5557	
737756.165149198	0	0	43	-114	18	-775	-140	-148	0	0	0	2494	3032	-273	335	0.4217	0.4729	0.5928	-0.4952	1	0	-1	0	-152	-104	951	0	0	0	1793	792	1046	531	0.8252	-0.0026	0.0925	-0.5557	
737756.16514974	0	0	46	-128	16	-739	-129	-31	0	0	0	2508	2933	268	335	0.4504	0.4628	0.5352	-0.5428	1	0	-1	0	-152	-104	951	0	0	0	1793	792	1046	531	0.8252	-0.0026	0.0925	-0.5557	
737756.165150644	0	0	54	-149	14	-638	-135	43	0	0	0	2298	2963	838	335	0.4616	0.444	0.4873	-0.592	1	0	-1	0	-152	-104	951	0	0	0	1793	792	1046	531	0.8252	-0.0026	0.0925	-0.5557	
737756.165151186	0	0	56	-194	7	-597	-59	353	0	0	0	2328	2783	1258	335	0.5103	0.3957	0.3823	-0.6582	1	0	-1	0	-152	-104	951	0	0	0	1793	792	1046	531	0.8252	-0.0026	0.0925	-0.5557	
737756.165151914	0	0	48	-230	1	-502	-7	746	0	0	0	2238	2300	2138	335	0.5715	0.2816	0.2443	-0.7286	1	0	-1	0	-152	-104	951	0	0	0	1793	792	1046	531	0.8252	-0.0026	0.0925	-0.5557	
737756.165152456	0	0	67	-231	2	-453	-20	1000	0	0	0	2193	2165	2303	335	0.5948	0.2255	0.1879	-0.746	1	0	-1	0	-152	-104	951	0	0	0	1793	792	1046	531	0.8252	-0.0026	0.0925	-0.5557	
737756.165152872	0	0	64	-179	16	-447	57	1230	0	0	0	2163	1835	2663	335	0.6204	0.1795	0.1309	-0.7498	1	0	-1	0	-152	-104	951	0	0	0	1793	792	1046	531	0.8252	-0.0026	0.0925	-0.5557	
737756.165153408	0	0	73	-115	18	-423	-40	1300	0	0	0	2040	1045	3122	335	0.6635	0.1064	0.1124	-0.7306	1	0	-1	0	-152	-104	951	0	0	0	1793	792	1046	531	0.8252	-0.0026	0.0925	-0.5557	
737756.165154135	0	0	-3	-83	13	-448	69	1203	0	0	0	1830	746	3422	335	0.6699	0.1368	0.0846	-0.7235	1	0	-1	0	-152	-104	951	0	0	0	1793	792	1046	531	0.8252	-0.0026	0.0925	-0.5557	
737756.165154679	0	0	38	-156	0	-713	437	2827	0	0	0	1830	506	3272	338	0.6657	0.1277	0.0564	-0.7309	1	0	-1	0	-152	-104	951	0	0	0	1793	792	1046	531	0.8252	-0.0026	0.0925	-0.5557	
737756.165155223	0	0	-1	79	29	-520	-42	458	0	0	0	1815	731	3347	338	0.6579	0.1548	0.132	-0.7232	1	0	-1	0	-152	-104	951	0	0	0	1793	792	1046	531	0.8252	-0.0026	0.0925	-0.5557	
737756.165155765	0	0	24	-32	9	-267	25	513	0	0	0	1740	806	3422	338	0.6432	0.1838	0.1216	-0.7314	1	0	-1	0	-152	-104	951	0	0	0	1793	792	1046	531	0.8252	-0.0026	0.0925	-0.5557	
737756.165156484	0	0	-33	5	-22	-210	130	1422	0	0	0	1770	536	3482	335	0.648	0.104	0.0226	-0.7521	1	0	-1	0	-152	-104	951	0	0	0	1793	792	1046	531	0.8252	-0.0026	0.0925	-0.5557	
737756.165157029	0	0	1	22	7	-370	-47	711	0	0	0	1680	626	3302	335	0.6424	0.1206	0.1014	-0.7481	1	0	-1	0	-152	-104	951	0	0	0	1793	792	1046	531	0.8252	-0.0026	0.0925	-0.5557	
737756.165157573	0	0	3	-8	2	-458	118	1084	0	0	0	1800	686	3332	334	0.6369	0.1672	0.0886	-0.7458	1	0	-1	0	-152	-104	951	0	0	0	1793	792	1046	531	0.8252	-0.0026	0.0925	-0.5557	
737756.165158116	0	0	-7	3	-1	-403	18	873	0	0	0	1710	566	3362	335	0.6134	0.1643	0.1082	-0.7636	1	0	-1	0	-152	-104	951	0	0	0	1793	792	1046	531	0.8252	-0.0026	0.0925	-0.5557	
737756.165158533	0	0	0	-6	0	-392	11	923	0	0	0	1770	686	3482	335	0.6047	0.1532	0.1064	-0.7727	1	0	-1	0	-152	-104	951	0	0	0	1793	792	1046	531	0.8252	-0.0026	0.0925	-0.5557	
737756.165158999	0	0	-1	0	0	-388	53	1032	0	0	0	1830	656	3302	335	0.603	0.1536	0.0867	-0.7768	1	0	-1	0	-152	-104	951	0	0	0	1793	792	1046	531	0.8252	-0.0026	0.0925	-0.5557	
737756.165159725	0	0	-4	0	0	-391	55	951	0	0	0	1725	611	3407	335	0.5909	0.167	0.0896	-0.783	1	0	-1	0	-152	-104	951	0	0	0	1793	792	1046	531	0.8252	-0.0026	0.0925	-0.5557	
737756.165160269	0	0	-7	0	-3	-391	67	1065	0	0	0	1650	686	3182	335	0.5942	0.1561	0.0837	-0.7835	1	0	-1	0	-152	-104	951	0	0	0	1793	792	1046	531	0.8252	-0.0026	0.0925	-0.5557	
737756.165160813	0	0	-12	12	-3	-393	26	1072	0	0	0	1785	791	3287	335	0.6002	0.1492	0.1057	-0.7775	1	0	-1	0	-152	-104	951	0	0	0	1793	792	1046	531	0.8252	-0.0026	0.0925	-0.5557	
737756.165161349	0	0	-17	17	-2	-435	27	1215	0	0	0	1920	716	3362	335	0.6021	0.1445	0.1008	-0.7776	1	0	-1	0	-152	-104	951	0	0	0	1793	792	1046	531	0.8252	-0.0026	0.0925	-0.5557	
737756.165161892	0	0	-31	40	-1	-482	25	1286	0	0	0	1890	776	3272	335	0.6097	0.1469	0.1065	-0.7705	1	0	-1	0	-152	-104	951	0	0	0	1793	792	1046	531	0.8252	-0.0026	0.0925	-0.5557	
737756.165162619	0	0	-43	65	-4	-523	-10	1318	0	0	0	1995	970	3017	335	0.6251	0.1478	0.1328	-0.7537	1	0	-1	0	-152	-104	951	0	0	0	1793	792	1046	531	0.8252	-0.0026	0.0925	-0.5557	
737756.165163162	0	0	-58	87	-4	-525	-31	1340	0	0	0	2070	1135	3032	335	0.6455	0.1348	0.1404	-0.737	1	-3	3	0	-161	-37	958	0	0	0	1838	897	1061	586	0.8272	0.0256	0.0637	-0.5559	
737756.165163707	0	0	-73	124	-5	-562	-19	1167	0	0	0	2385	1450	2717	335	0.6742	0.1609	0.1742	-0.698	1	1	0	0	-149	-30	961	0	0	0	1748	807	1031	585	0.825	0.0271	0.0711	-0.5585	
737756.165164249	0	0	-80	129	-6	-555	-40	1123	0	0	0	2220	1555	2582	335	0.6792	0.1635	0.1941	-0.6873	1	1	0	0	-149	-30	961	0	0	0	1748	807	1031	585	0.825	0.0271	0.0711	-0.5585	
737756.165164784	0	0	-70	169	-1	-564	-100	843	0	0	0	2415	2020	1938	335	0.7095	0.1682	0.2729	-0.6261	1	1	0	0	-149	-30	961	0	0	0	1748	807	1031	585	0.825	0.0271	0.0711	-0.5585	
737756.165165328	0	0	-73	185	-1	-557	-105	590	0	0	0	2549	2422	1625	335	0.7055	0.1911	0.3358	-0.5925	1	1	0	0	-149	-30	961	0	0	0	1748	807	1031	585	0.825	0.0271	0.0711	-0.5585	
737756.165165863	0	0	-74	175	-3	-583	-140	322	0	0	0	2549	2542	816	335	0.6794	0.2209	0.4204	-0.5576	1	1	0	0	-149	-30	961	0	0	0	1748	807	1031	585	0.825	0.0271	0.0711	-0.5585	
737756.165166589	0	0	-79	167	-4	-623	-152	-34	0	0	0	2729	2782	396	335	0.6136	0.2633	0.5481	-0.5018	1	1	0	0	-149	-30	961	0	0	0	1748	807	1031	585	0.825	0.0271	0.0711	-0.5585	
737756.165167133	0	0	-78	141	-3	-651	-187	-226	0	0	0	2699	2812	-143	335	0.5531	0.2887	0.6362	-0.4517	1	1	0	0	-149	-30	961	0	0	0	1748	807	1031	585	0.825	0.0271	0.0711	-0.5585	
737756.165167677	0	0	-61	110	-10	-681	-243	-241	0	0	0	2639	2572	-683	335	0.5095	0.2981	0.6861	-0.423	1	1	0	0	-149	-30	961	0	0	0	1748	807	1031	585	0.825	0.0271	0.0711	-0.5585	
737756.165168213	0	0	-61	110	-10	-681	-243	-241	0	0	0	2639	2572	-683	335	0.5095	0.2981	0.6861	-0.423	1	1	0	0	-149	-30	961	0	0	0	1748	807	1031	585	0.825	0.0271	0.0711	-0.5585	
737756.165168756	0	0	-61	110	-10	-681	-243	-241	0	0	0	2639	2572	-683	335	0.5095	0.2981	0.6861	-0.423	1	1	0	0	-149	-30	961	0	0	0	1748	807	1031	585	0.825	0.0271	0.0711	-0.5585	
737756.165169483	0	0	-10	73	5	-694	-231	-722	0	0	0	2549	2183	-1702	338	0.3697	0.3506	0.7958	-0.3244	1	1	0	0	-149	-30	961	0	0	0	1748	807	1031	585	0.825	0.0271	0.0711	-0.5585	
737756.165170027	0	0	-2	52	0	-714	-204	-667	0	0	0	2425	2405	-1893	339	0.3439	0.3659	0.8062	-0.3101	1	1	0	0	-149	-30	961	0	0	0	1748	807	1031	585	0.825	0.0271	0.0711	-0.5585	
737756.165170573	0	0	-1	16	3	-665	-284	-791	0	0	0	2545	2105	-1983	341	0.3026	0.3778	0.8197	-0.3036	1	1	0	0	-149	-30	961	0	0	0	1748	807	1031	585	0.825	0.0271	0.0711	-0.5585	
737756.165171299	0	0	8	-16	8	-705	-305	-647	0	0	0	2545	2195	-1983	339	0.2954	0.3852	0.8107	-0.3245	1	1	0	0	-149	-30	961	0	0	0	1748	807	1031	585	0.825	0.0271	0.0711	-0.5585	
737756.165171843	0	0	26	-25	10	-798	-276	-475	0	0	0	2545	2076	-1893	338	0.3246	0.3904	0.7821	-0.3585	1	1	0	0	-149	-30	961	0	0	0	1748	807	1031	585	0.825	0.0271	0.0711	-0.5585	
737756.165172387	0	0	11	-20	3	-909	-220	-299	0	0	0	2605	2195	-1893	335	0.3753	0.3943	0.7427	-0.3867	1	1	0	0	-149	-30	961	0	0	0	1748	807	1031	585	0.825	0.0271	0.0711	-0.5585	
737756.165172931	0	0	0	-5	-1	-859	-277	-393	0	0	0	2590	2300	-1758	338	0.3911	0.3913	0.7321	-0.3953	1	1	0	0	-149	-30	961	0	0	0	1748	807	1031	585	0.825	0.0271	0.0711	-0.5585	
737756.165173466	0	0	0	-5	-1	-859	-277	-393	0	0	0	2590	2300	-1758	338	0.3911	0.3913	0.7321	-0.3953	1	1	0	0	-149	-30	961	0	0	0	1748	807	1031	585	0.825	0.0271	0.0711	-0.5585	
737756.165174193	0	0	0	-5	-1	-859	-277	-393	0	0	0	2590	2300	-1758	338	0.3911	0.3913	0.7321	-0.3953	1	1	0	0	-149	-30	961	0	0	0	1748	807	1031	585	0.825	0.0271	0.0711	-0.5585	
737756.165174737	0	0	0	-5	-1	-859	-277	-393	0	0	0	2590	2300	-1758	338	0.3911	0.3913	0.7321	-0.3953	1	1	0	0	-149	-30	961	0	0	0	1748	807	1031	585	0.825	0.0271	0.0711	-0.5585	
737756.165175281	0	0	54	-123	14	-608	-227	-562	0	0	0	2695	2555	-1294	338	0.3252	0.4239	0.7594	-0.369	1	1	0	0	-149	-30	961	0	0	0	1748	807	1031	585	0.825	0.0271	0.0711	-0.5585	
737756.165175824	0	0	87	-138	30	-613	-197	-294	0	0	0	2530	2630	-829	338	0.3609	0.4349	0.7019	-0.4312	1	1	0	0	-149	-30	961	0	0	0	1748	807	1031	585	0.825	0.0271	0.0711	-0.5585	
737756.165176213	0	0	98	-135	35	-653	-140	-175	0	0	0	2575	2765	-574	338	0.3978	0.4422	0.6532	-0.4658	1	1	0	0	-149	-30	961	0	0	0	1748	807	1031	585	0.825	0.0271	0.0711	-0.5585	
737756.165176948	0	0	75	-174	17	-619	-168	15	0	0	0	2601	2787	242	338	0.4635	0.4312	0.539	-0.5533	1	1	0	0	-149	-30	961	0	0	0	1748	807	1031	585	0.825	0.0271	0.0711	-0.5585	
737756.165177492	0	0	38	-196	14	-692	-11	474	0	0	0	2391	2697	902	335	0.5224	0.3785	0.4308	-0.6282	1	1	0	0	-149	-30	961	0	0	0	1748	807	1031	585	0.825	0.0271	0.0711	-0.5585	
737756.165178035	0	0	39	-185	4	-588	-154	453	0	0	0	2361	2697	1142	335	0.5647	0.3025	0.3705	-0.6699	1	1	0	0	-149	-30	961	0	0	0	1748	807	1031	585	0.825	0.0271	0.0711	-0.5585	
737756.165178578	0	0	59	-205	18	-634	12	899	0	0	0	2274	2430	1672	334	0.6105	0.2599	0.2715	-0.6946	1	1	0	0	-149	-30	961	0	0	0	1748	807	1031	585	0.825	0.0271	0.0711	-0.5585	
737756.165179114	0	0	56	-159	8	-523	-90	984	0	0	0	2319	1936	2227	335	0.6478	0.1796	0.2028	-0.7096	1	1	0	0	-149	-30	961	0	0	0	1748	807	1031	585	0.825	0.0271	0.0711	-0.5585	
737756.165179841	0	0	25	-190	14	-536	3	1205	0	0	0	2094	1501	2722	335	0.7089	0.1371	0.1411	-0.676	1	0	0	-1	-134	-72	956	0	0	0	1793	882	986	503	0.8248	0.0071	0.082	-0.5579	
737756.165180384	0	0	55	-93	18	-448	20	1213	0	0	0	2142	1076	3053	335	0.722	0.1181	0.1087	-0.6717	1	0	0	-1	-134	-72	956	0	0	0	1793	882	986	503	0.8248	0.0071	0.082	-0.5579	
737756.165180928	0	0	12	-77	4	-472	52	1480	0	0	0	1857	822	3188	335	0.7088	0.1105	0.0855	-0.6901	1	0	0	-1	-134	-72	956	0	0	0	1793	882	986	503	0.8248	0.0071	0.082	-0.5579	
737756.165181464	0	0	64	-31	18	-719	55	1728	0	0	0	1887	732	3188	335	0.6973	0.1279	0.1056	-0.6958	1	0	0	-1	-134	-72	956	0	0	0	1793	882	986	503	0.8248	0.0071	0.082	-0.5579	
737756.165181854	0	0	-17	55	7	-490	157	1606	0	0	0	1722	717	3203	335	0.6887	0.1345	0.0655	-0.7082	1	0	0	-1	-134	-72	956	0	0	0	1793	882	986	503	0.8248	0.0071	0.082	-0.5579	
737756.165182319	0	0	-52	34	0	-512	26	639	0	0	0	1857	851	3308	335	0.6765	0.1741	0.1364	-0.7007	1	0	0	-1	-134	-72	956	0	0	0	1793	882	986	503	0.8248	0.0071	0.082	-0.5579	
737756.165182863	0	0	16	-3	1	-375	56	591	0	0	0	1767	1031	3068	335	0.6562	0.2129	0.1429	-0.7083	1	0	0	-1	-134	-72	956	0	0	0	1793	882	986	503	0.8248	0.0071	0.082	-0.5579	
737756.165183402	0	0	12	-25	-4	-362	36	907	0	0	0	1782	807	3173	335	0.6443	0.1472	0.0993	-0.7425	1	3	-1	1	-122	-136	949	0	0	0	1733	732	1166	394	0.8214	-0.0124	0.0781	-0.5632	
737756.165183945	0	0	-6	-6	-4	-426	48	1382	0	0	0	1737	762	3158	335	0.6453	0.1204	0.0845	-0.7483	1	-1	3	1	-123	-80	979	0	0	0	1763	732	1136	394	0.8198	0.0005	0.0706	-0.5668	
737756.165184487	0	0	-15	23	2	-441	-22	765	0	0	0	1887	851	3308	335	0.6358	0.1555	0.1412	-0.7411	1	-1	6	-2	-117	-84	954	0	0	0	1763	732	1136	394	0.8186	-0.0009	0.0724	-0.5683	
737756.165185029	0	0	3	-13	0	-424	31	832	0	0	0	1722	777	3143	335	0.6242	0.1791	0.1223	-0.749	1	-1	6	-2	-117	-84	954	0	0	0	1763	732	1136	394	0.8186	-0.0009	0.0724	-0.5683	
737756.165185572	0	0	-4	-3	-3	-448	67	1092	0	0	0	1827	762	3188	335	0.615	0.1676	0.0978	-0.7632	1	-1	6	-2	-117	-84	954	0	0	0	1763	732	1136	394	0.8186	-0.0009	0.0724	-0.5683	
737756.165186299	0	0	-16	-3	-3	-419	27	997	0	0	0	1752	777	3203	335	0.608	0.1573	0.1074	-0.7696	1	-1	6	-2	-117	-84	954	0	0	0	1763	732	1136	394	0.8186	-0.0009	0.0724	-0.5683	
737756.165186843	0	0	-17	6	-3	-407	2	1181	0	0	0	1962	747	3083	335	0.6167	0.1329	0.1095	-0.767	1	-1	6	-2	-117	-84	954	0	0	0	1763	732	1136	394	0.8186	-0.0009	0.0724	-0.5683	
737756.16518738	0	0	-37	31	-1	-506	-17	1358	0	0	0	2022	807	2993	335	0.6294	0.1357	0.1261	-0.7536	1	-1	6	-2	-117	-84	954	0	0	0	1763	732	1136	394	0.8186	-0.0009	0.0724	-0.5683	
737756.165187793	0	0	-49	52	-2	-564	-47	1338	0	0	0	2082	926	2993	335	0.6296	0.1437	0.1477	-0.7479	1	-1	6	-2	-117	-84	954	0	0	0	1763	732	1136	394	0.8186	-0.0009	0.0724	-0.5683	
737756.165188296	0	0	-58	76	-4	-590	-71	1316	0	0	0	2127	1211	2829	335	0.6414	0.1467	0.1701	-0.7324	1	-3	1	1	-195	-92	971	0	0	0	1808	807	1181	591	0.8213	0.0025	0.0949	-0.5608	
737756.165188838	0	0	-69	107	-2	-575	-56	1141	0	0	0	2292	1256	2604	335	0.656	0.1598	0.1858	-0.7126	1	2	-1	0	-51	-101	933	0	0	0	1718	867	971	585	0.8234	0.0126	0.0633	-0.5617	
737756.165189385	0	0	-67	128	-2	-556	-55	979	0	0	0	2292	1646	2334	335	0.6797	0.1747	0.2179	-0.6768	1	0	1	2	-173	-22	961	0	0	0	1808	777	1061	583	0.8237	0.013	0.0767	-0.5599	
737756.165189923	0	0	-61	133	-4	-559	-106	753	0	0	0	2427	1931	2139	335	0.6768	0.1836	0.2787	-0.6548	1	0	1	2	-173	-22	961	0	0	0	1808	777	1061	583	0.8237	0.013	0.0767	-0.5599	
737756.165190313	0	0	-51	131	-7	-584	-128	678	0	0	0	2442	2126	1674	335	0.674	0.1978	0.317	-0.6357	1	0	1	2	-173	-22	961	0	0	0	1808	777	1061	583	0.8237	0.013	0.0767	-0.5599	
737756.165191044	0	0	-56	138	-7	-611	-150	522	0	0	0	2487	2410	1539	335	0.6625	0.2124	0.3762	-0.6104	1	0	1	2	-173	-22	961	0	0	0	1808	777	1061	583	0.8237	0.013	0.0767	-0.5599	
737756.165191588	0	0	-51	118	-8	-684	-223	214	0	0	0	2618	2446	906	335	0.6135	0.2467	0.4846	-0.571	1	0	0	0	-112	-92	964	0	0	0	1658	747	1151	569	0.8229	-0.0043	0.0751	-0.5617	
737756.165192125	0	0	-50	112	-7	-680	-247	158	0	0	0	2663	2551	801	335	0.5901	0.2538	0.5231	-0.5585	1	0	0	0	-112	-92	964	0	0	0	1658	747	1151	569	0.8229	-0.0043	0.0751	-0.5617	
737756.165192667	0	0	-36	92	-4	-737	-307	72	0	0	0	2708	2446	486	335	0.5466	0.2658	0.5829	-0.5376	1	0	0	0	-112	-92	964	0	0	0	1658	747	1151	569	0.8229	-0.0043	0.0751	-0.5617	
737756.16519321	0	0	-40	81	-3	-823	-302	63	0	0	0	2828	2686	36	335	0.5117	0.2811	0.6188	-0.5239	1	-2	0	0	-117	-80	953	0	0	0	1718	777	971	558	0.8237	-0.0003	0.0751	-0.5605	
737756.165193673	0	0	-54	76	-6	-812	-332	21	0	0	0	2753	2701	21	335	0.5027	0.2826	0.6284	-0.5204	1	-2	0	0	-117	-80	953	0	0	0	1718	777	971	558	0.8237	-0.0003	0.0751	-0.5605	
737756.165194216	0	0	-54	88	1	-846	-288	-36	0	0	0	2692	2697	-410	335	0.4913	0.2978	0.6507	-0.4949	1	-2	0	0	-117	-80	953	0	0	0	1718	777	971	558	0.8237	-0.0003	0.0751	-0.5605	
737756.16519476	0	0	-55	89	2	-861	-264	-131	0	0	0	2767	2532	-635	335	0.4787	0.3147	0.6711	-0.4687	1	-2	0	0	-117	-80	953	0	0	0	1718	777	971	558	0.8237	-0.0003	0.0751	-0.5605	
737756.165195304	0	0	-33	100	3	-840	-262	-227	0	0	0	2677	2442	-1204	335	0.4527	0.334	0.702	-0.4348	1	-2	0	0	-117	-80	953	0	0	0	1718	777	971	558	0.8237	-0.0003	0.0751	-0.5605	
737756.165195847	0	0	-33	100	3	-840	-262	-227	0	0	0	2677	2442	-1204	335	0.4527	0.334	0.702	-0.4348	1	-2	0	0	-117	-80	953	0	0	0	1718	777	971	558	0.8237	-0.0003	0.0751	-0.5605	
737756.165196391	0	0	-54	110	1	-752	-222	-358	0	0	0	2527	2412	-1654	335	0.419	0.3517	0.7354	-0.3978	1	-2	0	0	-117	-80	953	0	0	0	1718	777	971	558	0.8237	-0.0003	0.0751	-0.5605	
737756.165196934	0	0	-44	100	10	-580	-280	-846	0	0	0	2632	2187	-1969	341	0.3612	0.3674	0.7847	-0.3418	1	-2	0	0	-117	-80	953	0	0	0	1718	777	971	558	0.8237	-0.0003	0.0751	-0.5605	
737756.16519747	0	0	-4	60	26	-592	-176	-1081	0	0	0	2442	2065	-2089	341	0.3148	0.3887	0.81	-0.3028	1	-2	0	0	-117	-80	953	0	0	0	1718	777	971	558	0.8237	-0.0003	0.0751	-0.5605	
737756.165198193	0	0	24	-43	7	-652	-183	-817	0	0	0	2322	2185	-2208	341	0.2827	0.41	0.8216	-0.2744	1	-2	0	0	-117	-80	953	0	0	0	1718	777	971	558	0.8237	-0.0003	0.0751	-0.5605	
737756.165198736	0	0	37	-56	4	-740	-191	-571	0	0	0	2442	2185	-2089	339	0.3092	0.4176	0.7973	-0.3036	1	-2	0	0	-117	-80	953	0	0	0	1718	777	971	558	0.8237	-0.0003	0.0751	-0.5605	
737756.165199145	0	0	22	-57	-2	-800	-229	-450	0	0	0	2621	2215	-1879	339	0.3501	0.4139	0.7622	-0.3509	1	-2	0	0	-117	-80	953	0	0	0	1718	777	971	558	0.8237	-0.0003	0.0751	-0.5605	
737756.165199651	0	0	21	-54	0	-804	-263	-470	0	0	0	2457	2200	-1864	340	0.358	0.4104	0.7532	-0.3666	1	-2	0	0	-117	-80	953	0	0	0	1718	777	971	558	0.8237	-0.0003	0.0751	-0.5605	
737756.165200199	0	0	43	-54	8	-827	-282	-356	0	0	0	2531	2365	-1549	340	0.3698	0.4066	0.7268	-0.4099	1	-2	0	0	-117	-80	953	0	0	0	1718	777	971	558	0.8237	-0.0003	0.0751	-0.5605	
737756.165200743	0	0	26	-52	11	-762	-274	-431	0	0	0	2636	2380	-1294	339	0.3728	0.4074	0.7162	-0.4247	1	-2	0	0	-117	-80	953	0	0	0	1718	777	971	558	0.8237	-0.0003	0.0751	-0.5605	
737756.165201279	0	0	52	-61	18	-811	-234	-457	0	0	0	2516	2590	-1234	340	0.3695	0.4178	0.7132	-0.4224	1	-2	0	0	-117	-80	953	0	0	0	1718	777	971	558	0.8237	-0.0003	0.0751	-0.5605	
737756.165201821	0	0	35	-80	7	-791	-206	-298	0	0	0	2681	2635	-919	339	0.3982	0.4278	0.6779	-0.444	1	-2	0	0	-117	-80	953	0	0	0	1718	777	971	558	0.8237	-0.0003	0.0751	-0.5605	
737756.165202551	0	0	62	-92	15	-752	-237	-284	0	0	0	2696	2680	-664	338	0.394	0.434	0.6618	-0.4654	1	0	0	0	-127	-96	947	0	0	0	1808	687	911	549	0.8172	-0.0047	0.0798	-0.5693	
737756.165203092	0	0	51	-120	13	-726	-252	-97	0	0	0	2563	2790	-34	340	0.4132	0.4214	0.6092	-0.5275	1	0	0	0	-126	-88	953	0	0	0	1778	687	1031	549	0.8202	-0.0024	0.0813	-0.5647	
737756.165203636	0	0	52	-136	11	-753	-201	154	0	0	0	2638	2775	309	335	0.4638	0.3896	0.5225	-0.5973	1	0	0	0	-128	-97	948	0	0	0	1823	762	986	547	0.8199	-0.0026	0.0823	-0.5651	
737756.165204172	0	0	38	-144	5	-761	-216	245	0	0	0	2608	2686	759	338	0.5018	0.3484	0.4756	-0.6316	1	0	0	0	-125	-84	952	0	0	0	1703	822	1016	546	0.8225	0.0013	0.0809	-0.5615	
737756.165204719	0	0	51	-137	10	-744	-185	462	0	0	0	2473	2581	1134	335	0.5552	0.2975	0.403	-0.6625	1	0	0	0	-137	-89	951	0	0	0	1853	762	1076	545	0.8209	-0.0014	0.0815	-0.5637	
737756.165205129	0	0	58	-134	15	-710	-141	499	0	0	0	2504	2462	1442	337	0.5848	0.2837	0.3686	-0.6631	1	0	0	0	-139	-89	941	0	0	0	1778	777	1031	543	0.8229	0.001	0.0841	-0.5604	
737756.165205631	0	0	39	-136	12	-718	-95	654	0	0	0	2324	2312	1802	335	0.6345	0.2553	0.312	-0.658	1	0	-1	0	-131	-82	950	0	0	0	1778	777	941	542	0.8266	0.0002	0.0817	-0.5553	
737756.165206173	0	0	34	-127	16	-648	-107	620	0	0	0	2279	2147	2027	335	0.6529	0.2086	0.3036	-0.6602	1	-1	0	0	-123	-70	951	0	0	0	1718	747	1061	541	0.825	0.0015	0.0753	-0.5586	
737756.165206716	0	0	50	-159	9	-561	-85	797	0	0	0	2279	1877	2387	335	0.6707	0.1761	0.2317	-0.6805	1	0	0	0	-139	-98	957	0	0	0	1793	732	986	541	0.822	-0.0021	0.0838	-0.5618	
737756.16520726	0	0	43	-125	9	-568	34	968	0	0	0	2131	1433	2769	335	0.7042	0.1691	0.1535	-0.6707	1	0	-2	0	-131	-90	950	0	0	0	1808	867	941	540	0.8256	0.0006	0.0839	-0.5566	
737756.165207804	0	0	60	-125	6	-430	-24	1447	0	0	0	2116	1148	2934	335	0.7133	0.0954	0.1037	-0.6853	1	0	-1	0	-121	-86	954	0	0	0	1793	762	896	540	0.8255	-0.0039	0.0792	-0.5574	
737756.165208348	0	0	6	-61	13	-540	0	1263	0	0	0	2041	803	3039	335	0.7118	0.1175	0.115	-0.6814	1	0	0	0	-137	-81	953	0	0	0	1643	912	1016	534	0.8281	0.0075	0.0832	-0.5527	
737756.165208891	0	0	83	-95	22	-958	41	2040	0	0	0	2011	803	3129	335	0.6889	0.1389	0.1187	-0.7001	1	-3	1	0	-143	-84	970	0	0	0	1823	852	1046	512	0.8274	0.0035	0.0838	-0.5538	
737756.165209434	0	0	-40	99	6	-580	27	1409	0	0	0	1921	683	3279	335	0.6902	0.1292	0.0662	-0.707	1	-10	12	-4	-150	-88	1018	0	0	0	1733	822	1106	461	0.8257	0.0056	0.0804	-0.5567	
737756.16520997	0	0	15	25	10	-329	-47	343	0	0	0	1786	968	3144	338	0.6623	0.1851	0.1905	-0.6989	1	27	-7	4	-159	-161	894	0	0	0	1718	986	1181	396	0.8237	-0.0139	0.1124	-0.5539	
737756.165210697	0	0	-7	-67	2	-511	94	1018	0	0	0	1831	953	3159	335	0.6456	0.1916	0.1108	-0.729	1	1	-31	0	-46	-73	986	0	0	0	1793	822	1106	394	0.8279	0.011	0.0843	-0.552	
737756.165211219	0	0	41	-32	-7	-401	191	1589	0	0	0	1816	788	3204	335	0.6426	0.1472	0.0552	-0.7477	1	-13	19	-6	-34	-60	991	0	0	0	1658	657	1121	394	0.8272	0.004	0.0436	-0.5583	
737756.165211763	0	0	-8	4	1	-384	-81	637	0	0	0	1921	743	3279	335	0.6346	0.1486	0.1475	-0.7423	1	-19	12	-6	-159	-15	952	0	0	0	1688	897	1061	394	0.8285	0.0279	0.0724	-0.5529	
737756.165212306	0	0	20	-11	9	-426	-23	841	0	0	0	1951	923	3309	335	0.6249	0.1605	0.1453	-0.7488	1	-15	13	-5	-179	-113	969	0	0	0	1718	837	971	395	0.8237	0.0132	0.0956	-0.5571	
737756.16521285	0	0	-8	17	19	-435	52	882	0	0	0	1846	968	3114	332	0.6224	0.1903	0.123	-0.7479	1	-4	1	-25	-105	-134	912	0	0	0	1883	762	1016	394	0.8143	-0.0007	0.099	-0.5701	
737756.165213394	0	0	-1	2	12	-489	100	946	0	0	0	1666	1148	3234	332	0.6157	0.2058	0.1046	-0.7518	1	-7	11	0	-156	-109	965	0	0	0	1913	912	986	394	0.8168	-0.0112	0.1022	-0.566	
737756.165213929	0	0	-22	3	8	-485	31	918	0	0	0	1891	983	3369	332	0.6017	0.1938	0.1325	-0.7623	1	-17	8	-20	-217	-58	929	0	0	0	1883	702	926	393	0.8084	0.0297	0.1032	-0.5773	
737756.165214472	0	0	-11	0	11	-482	-27	918	0	0	0	1816	968	3294	331	0.5869	0.1788	0.1512	-0.7739	1	-24	-22	-10	-239	-177	929	0	0	0	1838	867	971	392	0.7982	0	0.1504	-0.5819	
737756.165215014	0	0	-8	-17	24	-529	-72	896	0	0	0	1876	1088	3294	331	0.5823	0.1823	0.1779	-0.7708	1	11	-50	1	-76	-212	985	0	0	0	1793	762	866	395	0.8012	-0.0353	0.1179	-0.5837	
737756.165215556	0	0	0	-36	46	-453	42	899	0	0	0	1816	1118	3294	329	0.6052	0.194	0.1225	-0.7609	1	11	-50	1	-76	-212	985	0	0	0	1793	762	866	395	0.8012	-0.0353	0.1179	-0.5837	
737756.165216099	0	0	-9	-55	41	-397	113	930	0	0	0	1771	1013	3369	330	0.6291	0.1862	0.0773	-0.7494	1	11	-50	1	-76	-212	985	0	0	0	1793	762	866	395	0.8012	-0.0353	0.1179	-0.5837	
737756.165216645	0	0	6	-44	26	-385	133	978	0	0	0	1591	1103	3189	331	0.6415	0.1901	0.0806	-0.7373	1	11	-50	1	-76	-212	985	0	0	0	1793	762	866	395	0.8012	-0.0353	0.1179	-0.5837	
737756.16521704	0	0	6	-28	14	-343	135	1006	0	0	0	1711	983	3369	331	0.6566	0.1656	0.0613	-0.7321	1	11	-50	1	-76	-212	985	0	0	0	1793	762	866	395	0.8012	-0.0353	0.1179	-0.5837	
737756.165217595	0	0	-14	-13	8	-338	100	993	0	0	0	1831	773	3339	330	0.6623	0.1472	0.068	-0.7302	1	11	-50	1	-76	-212	985	0	0	0	1793	762	866	395	0.8012	-0.0353	0.1179	-0.5837	
737756.165218132	0	0	-13	-11	6	-337	69	968	0	0	0	1786	878	3354	329	0.6588	0.146	0.0866	-0.7318	1	11	-50	1	-76	-212	985	0	0	0	1793	762	866	395	0.8012	-0.0353	0.1179	-0.5837	
737756.165218675	0	0	-10	-8	4	-324	49	996	0	0	0	1726	878	3264	331	0.6588	0.1325	0.0898	-0.734	1	11	-50	1	-76	-212	985	0	0	0	1793	762	866	395	0.8012	-0.0353	0.1179	-0.5837	
737756.1652194	0	0	1	-2	2	-337	58	976	0	0	0	1816	938	3384	330	0.6561	0.1458	0.0925	-0.7334	1	11	-50	1	-76	-212	985	0	0	0	1793	762	866	395	0.8012	-0.0353	0.1179	-0.5837	
737756.165219945	0	0	-1	-5	2	-329	69	981	0	0	0	1786	698	3234	330	0.6542	0.14	0.078	-0.738	1	11	-50	1	-76	-212	985	0	0	0	1793	762	866	395	0.8012	-0.0353	0.1179	-0.5837	
737756.165220489	0	0	-3	-7	1	-317	69	985	0	0	0	1771	773	3369	331	0.6542	0.1372	0.0773	-0.7386	1	11	-50	1	-76	-212	985	0	0	0	1793	762	866	395	0.8012	-0.0353	0.1179	-0.5837	
737756.165221032	0	0	1	-7	2	-296	75	993	0	0	0	1861	863	3219	331	0.6585	0.1361	0.0718	-0.7355	1	11	-50	1	-76	-212	985	0	0	0	1793	762	866	395	0.8012	-0.0353	0.1179	-0.5837	
737756.165221573	0	0	0	-1	1	-297	92	992	0	0	0	1651	833	3249	331	0.6616	0.1436	0.0705	-0.7312	1	11	-50	1	-76	-212	985	0	0	0	1793	762	866	395	0.8012	-0.0353	0.1179	-0.5837	
737756.165222295	0	0	-5	-2	0	-310	78	987	0	0	0	1666	788	3324	331	0.6613	0.1396	0.0756	-0.7319	1	11	-50	1	-76	-212	985	0	0	0	1793	762	866	395	0.8012	-0.0353	0.1179	-0.5837	
737756.165222781	0	0	-9	-4	1	-314	60	992	0	0	0	1666	758	3264	331	0.6566	0.1313	0.0794	-0.7373	1	11	-50	1	-76	-212	985	0	0	0	1793	762	866	395	0.8012	-0.0353	0.1179	-0.5837	
737756.165223324	0	0	-5	-4	2	-302	49	985	0	0	0	1786	758	3264	332	0.6575	0.1236	0.077	-0.738	1	11	-50	1	-76	-212	985	0	0	0	1793	762	866	395	0.8012	-0.0353	0.1179	-0.5837	
737756.165223866	0	0	0	-1	5	-295	57	991	0	0	0	1891	803	3279	330	0.6603	0.1304	0.0801	-0.734	1	0	0	0	-156	-107	946	0	0	0	1748	537	1061	383	0.7774	0.01	0.0968	-0.6201	
737756.165224409	0	0	-1	0	5	-308	69	981	0	0	0	1816	848	3234	331	0.6612	0.1395	0.0805	-0.7315	1	10	-1	0	-168	-94	948	0	0	0	1658	687	1061	383	0.7787	0.0177	0.1026	-0.6172	
