1
737756.164492526	0	0	-76	173	15	-382	-130	854	0	0	0	2563	2220	2481	331	0.7987	0.0721	0.2239	-0.5521	1	1	-2	1	-105	-73	970	0	0	0	1834	584	1319	562	0.7872	0.003	0.0659	-0.6118	
737756.164493071	0	0	-82	185	5	-635	-127	29	0	0	0	2816	3367	20	334	0.6816	0.1658	0.5745	-0.4194	1	0	-1	0	-115	-76	953	0	0	0	1984	704	1469	551	0.7909	0.0036	0.0708	-0.6065	
737756.164493582	0	0	-91	185	2	-638	-126	-25	0	0	0	2816	3367	20	334	0.6665	0.173	0.5987	-0.4068	1	0	0	0	-110	-71	961	0	0	0	1804	704	1439	551	0.7917	0.0076	0.0689	-0.6055	
737756.16449431	0	0	-55	160	6	-602	-157	-789	0	0	0	2741	2962	-1199	335	0.5526	0.2026	0.7411	-0.3197	1	0	0	0	-112	-66	962	0	0	0	1894	614	1409	548	0.7909	0.0062	0.0653	-0.607	
737756.164494854	0	0	-33	102	20	-652	-194	-1191	0	0	0	2591	2902	-1739	335	0.4617	0.2292	0.8102	-0.2752	1	-1	-1	0	-110	-77	958	0	0	0	1819	719	1334	548	0.7925	0.0065	0.0716	-0.6043	
737756.164495398	0	0	-8	24	22	-580	-195	-1152	0	0	0	2396	2677	-1904	338	0.4085	0.2436	0.8417	-0.2514	1	-1	-1	0	-110	-73	961	0	0	0	1924	584	1319	551	0.7909	0.0034	0.068	-0.6067	
737756.164495826	0	0	28	-51	2	-585	-222	-921	0	0	0	2501	2782	-1799	335	0.3757	0.253	0.8536	-0.2536	1	-2	-1	0	-112	-79	958	0	0	0	1864	614	1469	549	0.7917	0.0041	0.0677	-0.6058	
737756.164496292	0	0	43	-82	2	-677	-199	-715	0	0	0	2486	2977	-1634	335	0.3786	0.2631	0.8447	-0.2688	1	-2	-1	0	-112	-79	958	0	0	0	1864	614	1469	549	0.7917	0.0041	0.0677	-0.6058	
737756.164496835	0	0	51	-95	2	-668	-194	-575	0	0	0	2576	3007	-1364	338	0.3995	0.2747	0.8225	-0.2942	1	-2	-1	0	-112	-79	958	0	0	0	1864	614	1469	549	0.7917	0.0041	0.0677	-0.6058	
737756.164497562	0	0	94	-147	0	-643	-116	-338	0	0	0	2786	3127	-555	337	0.4509	0.3304	0.751	-0.3469	1	-2	-1	0	-112	-79	958	0	0	0	1864	614	1469	549	0.7917	0.0041	0.0677	-0.6058	
737756.164498106	0	0	95	-165	-7	-646	-142	-77	0	0	0	2711	3202	-390	335	0.5104	0.3293	0.6703	-0.4222	1	0	0	0	-109	-79	955	0	0	0	1849	719	1454	537	0.7925	0.0041	0.0717	-0.6042	
737756.16449865	0	0	94	-179	-12	-630	-140	223	0	0	0	2876	3337	374	335	0.5757	0.2961	0.5533	-0.5207	1	0	0	0	-110	-65	963	0	0	0	1954	764	1349	537	0.7943	0.0079	0.0686	-0.6022	
737756.164499066	0	0	81	-194	-19	-637	-175	420	0	0	0	2691	3085	772	335	0.6057	0.2684	0.4924	-0.5614	1	-2	0	0	-108	-71	958	0	0	0	1774	614	1409	534	0.7936	0.0053	0.0669	-0.6033	
737756.164499577	0	0	86	-169	-10	-630	-181	654	0	0	0	2871	2965	1192	335	0.658	0.2008	0.3691	-0.622	1	0	0	0	-109	-75	956	0	0	0	1909	599	1334	534	0.792	0.0014	0.0672	-0.6055	
737756.16450012	0	0	89	-163	-20	-645	-169	922	0	0	0	2571	2725	1792	335	0.7058	0.1597	0.2783	-0.6289	1	0	0	0	-112	-73	959	0	0	0	1939	599	1394	535	0.7915	0.0024	0.0677	-0.606	
737756.164500664	0	0	32	-150	-15	-641	-188	1095	0	0	0	2613	2270	2203	335	0.7413	0.1138	0.2442	-0.6131	1	0	0	0	-112	-73	959	0	0	0	1939	599	1394	535	0.7915	0.0024	0.0677	-0.606	
737756.164501208	0	0	55	-98	2	-592	-226	1097	0	0	0	2673	1941	2563	334	0.7488	0.0797	0.2334	-0.6137	1	-2	0	-1	-112	-67	969	0	0	0	1774	674	1379	535	0.7972	0.0085	0.0674	-0.5985	
737756.164501752	0	0	28	-90	-5	-547	-175	1014	0	0	0	2508	1746	2668	334	0.7499	0.0867	0.2219	-0.6157	1	0	0	0	-124	-81	957	0	0	0	1894	614	1439	535	0.794	0.0034	0.074	-0.602	
737756.164502295	0	0	36	-64	2	-476	-167	1004	0	0	0	2523	1581	2922	335	0.7465	0.0737	0.2013	-0.6285	1	0	0	0	-110	-69	965	0	0	0	1849	629	1334	534	0.7935	0.0056	0.0667	-0.6036	
737756.16450283	0	0	28	-74	-4	-469	-118	1021	0	0	0	2433	1551	3102	335	0.7403	0.0895	0.1846	-0.6388	1	0	0	1	-111	-75	954	0	0	0	1864	853	1439	533	0.7965	0.0096	0.0722	-0.5987	
737756.164503557	0	0	21	-52	0	-415	-101	1146	0	0	0	2343	1131	3132	335	0.7356	0.0743	0.1442	-0.6564	1	0	0	1	-111	-75	954	0	0	0	1864	853	1439	533	0.7965	0.0096	0.0722	-0.5987	
737756.164504103	0	0	8	-43	4	-367	-153	1080	0	0	0	2325	947	3161	334	0.7224	0.0511	0.1523	-0.6713	1	0	0	1	-111	-75	954	0	0	0	1864	853	1439	533	0.7965	0.0096	0.0722	-0.5987	
737756.164504645	0	0	69	-47	14	-666	-137	1669	0	0	0	2190	902	3116	333	0.719	0.0809	0.1472	-0.6728	1	0	0	1	-111	-75	954	0	0	0	1864	853	1439	533	0.7965	0.0096	0.0722	-0.5987	
737756.164505147	0	0	-64	41	2	-469	-57	1066	0	0	0	2280	902	3416	333	0.7192	0.0908	0.1163	-0.677	1	0	0	1	-111	-75	954	0	0	0	1864	853	1439	533	0.7965	0.0096	0.0722	-0.5987	
737756.164505689	0	0	12	-21	4	-295	-105	644	0	0	0	2235	1037	3311	335	0.6982	0.0816	0.1834	-0.6857	1	-7	1	0	-121	-61	968	0	0	0	1774	734	1319	508	0.8	0.014	0.0699	-0.5943	
737756.164506416	0	0	10	-22	-1	-297	-66	1158	0	0	0	2070	902	3236	333	0.7007	0.0662	0.1072	-0.7004	1	-7	1	0	-121	-61	968	0	0	0	1774	734	1319	508	0.8	0.014	0.0699	-0.5943	
737756.16450696	0	0	-15	14	6	-340	-105	942	0	0	0	2205	917	3461	334	0.6941	0.0762	0.1518	-0.6982	1	22	-15	2	-120	-117	953	0	0	0	1939	808	1454	396	0.7987	0.0003	0.0845	-0.5942	
737756.16450735	0	0	2	2	4	-383	-82	878	0	0	0	2175	1097	3341	335	0.6797	0.1081	0.1631	-0.7056	1	18	-25	-5	-111	57	906	0	0	0	1804	614	1349	392	0.7976	0.0393	0.0622	-0.5968	
737756.164507841	0	0	0	-3	1	-388	-44	1025	0	0	0	2175	1007	3341	335	0.6703	0.1142	0.1339	-0.7198	1	1	-20	-1	36	-96	1001	0	0	0	1759	599	1394	396	0.7925	0.0023	0.0293	-0.6072	
737756.164508384	0	0	-6	0	-1	-354	-104	932	0	0	0	2190	1052	3236	335	0.6579	0.0954	0.1593	-0.7287	1	7	7	-3	-92	-71	959	0	0	0	1714	554	1409	393	0.7918	0.013	0.0458	-0.6074	
737756.164508812	0	0	0	-3	0	-350	-84	961	0	0	0	2205	917	3281	333	0.6545	0.0975	0.1413	-0.7351	1	6	0	-4	-95	-29	925	0	0	0	1714	614	1439	394	0.7894	0.0194	0.0502	-0.6101	
737756.164509356	0	0	-2	-1	0	-348	-77	995	0	0	0	2190	1052	3326	335	0.66	0.0964	0.1373	-0.7309	1	1	-3	0	-96	-68	973	0	0	0	1729	539	1394	393	0.7855	0.0115	0.0545	-0.6149	
737756.1645099	0	0	1	0	1	-350	-86	950	0	0	0	2325	857	3341	333	0.6537	0.0975	0.143	-0.7355	1	1	0	-1	-82	-18	962	0	0	0	1774	644	1409	392	0.7887	0.0205	0.0458	-0.6114	
737756.164510443	0	0	0	0	1	-357	-74	986	0	0	0	2235	1097	3371	334	0.6564	0.108	0.1456	-0.7311	1	-2	0	0	-88	-28	970	0	0	0	1774	434	1499	392	0.7864	0.0155	0.0416	-0.6147	
737756.164510942	0	0	-1	-1	0	-356	-79	954	0	0	0	2115	1097	3191	334	0.6563	0.1064	0.149	-0.7308	1	0	-2	0	-104	-25	952	0	0	0	1804	614	1469	393	0.7883	0.0214	0.0517	-0.6114	
737756.164511485	0	0	-4	0	1	-361	-80	959	0	0	0	2160	1022	3266	335	0.6564	0.1061	0.1498	-0.7306	1	0	1	0	-93	-29	968	0	0	0	1729	569	1424	392	0.7884	0.0163	0.0471	-0.6118	
737756.164512029	0	0	-2	-3	0	-360	-78	988	0	0	0	2235	1007	3311	334	0.655	0.1055	0.1456	-0.7328	1	-9	2	0	-86	-26	943	0	0	0	1699	599	1334	397	0.7893	0.0252	0.0475	-0.6103	
737756.164512575	0	0	-2	-2	0	-354	-82	959	0	0	0	2265	1037	3281	333	0.6542	0.1057	0.1503	-0.7324	1	-2	2	1	-106	-57	996	0	0	0	1804	614	1529	408	0.7868	0.0111	0.0584	-0.6129	
737756.164513117	0	0	-7	-2	0	-353	-76	1000	0	0	0	2175	947	3341	335	0.6552	0.0997	0.138	-0.7349	1	11	-4	1	-120	-18	916	0	0	0	1759	449	1484	425	0.7817	0.0244	0.0544	-0.6194	
737756.16451366	0	0	-9	-3	-1	-355	-93	1024	0	0	0	2130	992	3416	335	0.6552	0.0896	0.1398	-0.7357	1	11	-4	1	-120	-18	916	0	0	0	1759	449	1484	425	0.7817	0.0244	0.0544	-0.6194	
737756.164514197	0	0	-17	-1	1	-344	-116	1115	0	0	0	2205	917	3281	335	0.6587	0.0748	0.1364	-0.7348	1	11	-4	1	-120	-18	916	0	0	0	1759	449	1484	425	0.7817	0.0244	0.0544	-0.6194	
737756.164514739	0	0	-29	8	2	-354	-130	1144	0	0	0	2340	1022	3266	333	0.6648	0.0738	0.1462	-0.7276	1	11	-4	1	-120	-18	916	0	0	0	1759	449	1484	425	0.7817	0.0244	0.0544	-0.6194	
737756.164515467	0	0	-32	26	5	-414	-150	1159	0	0	0	2550	1052	3176	334	0.6674	0.0842	0.1661	-0.7198	1	11	-4	1	-120	-18	916	0	0	0	1759	449	1484	425	0.7817	0.0244	0.0544	-0.6194	
737756.16451601	0	0	-38	41	4	-445	-153	1178	0	0	0	2370	1172	3056	334	0.6717	0.0927	0.1758	-0.7124	1	11	-4	1	-120	-18	916	0	0	0	1759	449	1484	425	0.7817	0.0244	0.0544	-0.6194	
737756.164516397	0	0	-38	45	4	-428	-148	1174	0	0	0	2370	1291	3056	334	0.6767	0.0884	0.1705	-0.7094	1	-6	2	1	-125	-46	974	0	0	0	1744	494	1499	613	0.783	0.0249	0.051	-0.618	
737756.164517087	0	0	-52	71	6	-465	-213	1157	0	0	0	2609	1531	2876	334	0.6951	0.0796	0.2091	-0.6819	1	0	1	-2	-71	-54	974	0	0	0	1729	539	1484	619	0.7811	0.0057	0.0486	-0.6211	
737756.164517631	0	0	-57	90	8	-485	-222	1154	0	0	0	2699	1501	2726	333	0.7065	0.0732	0.215	-0.6687	1	-6	3	-1	-82	-29	966	0	0	0	1759	689	1604	616	0.7851	0.0187	0.0467	-0.6159	
737756.164518175	0	0	-67	108	11	-510	-260	1096	0	0	0	2804	1876	2441	334	0.7146	0.0765	0.2481	-0.648	1	-6	3	-1	-82	-29	966	0	0	0	1759	689	1604	616	0.7851	0.0187	0.0467	-0.6159	
737756.164518718	0	0	-83	123	12	-532	-258	1023	0	0	0	2894	2206	2171	334	0.7344	0.0782	0.2732	-0.6148	1	0	0	0	-98	-37	969	0	0	0	1864	524	1409	616	0.7841	0.0106	0.0575	-0.6165	
737756.164519147	0	0	-68	162	20	-517	-262	832	0	0	0	2855	2454	1621	333	0.7513	0.0741	0.32	-0.5707	1	-5	1	0	-96	-57	960	0	0	0	1729	569	1514	613	0.7864	0.0103	0.0563	-0.6137	
737756.164519598	0	0	-80	179	22	-507	-215	649	0	0	0	2900	2678	1456	334	0.7556	0.0869	0.359	-0.5393	1	0	0	0	-103	-49	950	0	0	0	1819	629	1484	608	0.7859	0.0101	0.0599	-0.614	
737756.164520142	0	0	-82	195	21	-513	-195	227	0	0	0	2915	2903	871	335	0.7133	0.1161	0.4831	-0.4923	1	-3	1	0	-94	-54	954	0	0	0	1864	734	1349	602	0.7913	0.0131	0.0612	-0.6069	
737756.164520686	0	0	-56	167	17	-561	-207	12	0	0	0	2894	3061	375	335	0.6419	0.1491	0.606	-0.4434	1	-2	1	-1	-105	-47	964	0	0	0	1744	584	1529	603	0.791	0.0114	0.0578	-0.6076	
737756.164521231	0	0	-59	157	12	-625	-212	-208	0	0	0	2909	3016	-269	335	0.5607	0.1846	0.7022	-0.3956	1	-1	1	-1	-95	-56	964	0	0	0	1804	554	1529	601	0.7907	0.0053	0.0562	-0.6082	
737756.164521774	0	0	-73	134	7	-660	-205	-361	0	0	0	2789	3016	-299	335	0.5149	0.2035	0.7477	-0.364	1	-3	0	0	-105	-52	960	0	0	0	1789	509	1514	596	0.788	0.0086	0.0563	-0.6116	
737756.164522191	0	0	-43	129	15	-671	-241	-384	0	0	0	2804	2851	-793	335	0.4724	0.2185	0.7788	-0.3476	1	-1	0	0	-112	-70	948	0	0	0	1774	584	1499	597	0.7871	0.008	0.0662	-0.6119	
737756.164522715	0	0	-38	118	18	-713	-252	-586	0	0	0	2594	3001	-1243	338	0.4301	0.2386	0.8072	-0.3237	1	-1	0	0	-113	-57	949	0	0	0	1804	584	1409	591	0.7877	0.0112	0.063	-0.6114	
737756.164523441	0	0	-25	103	20	-697	-245	-691	0	0	0	2504	2671	-1306	339	0.402	0.2528	0.8226	-0.3097	1	-1	-1	0	-109	-52	965	0	0	0	1894	644	1379	591	0.7881	0.0122	0.0624	-0.6109	
737756.164523985	0	0	-25	103	20	-697	-245	-691	0	0	0	2504	2671	-1306	339	0.402	0.2528	0.8226	-0.3097	1	-1	-1	0	-109	-52	965	0	0	0	1894	644	1379	591	0.7881	0.0122	0.0624	-0.6109	
737756.164524529	0	0	20	-30	3	-671	-222	-809	0	0	0	2594	2701	-1635	338	0.3359	0.3143	0.8411	-0.2813	1	0	-1	0	-115	-68	961	0	0	0	1864	644	1409	590	0.7887	0.0092	0.0678	-0.6096	
737756.164525072	0	0	20	-30	3	-671	-222	-809	0	0	0	2594	2701	-1635	338	0.3359	0.3143	0.8411	-0.2813	1	0	0	0	-105	-60	955	0	0	0	1864	584	1349	588	0.7863	0.0072	0.0637	-0.6132	
737756.164525615	0	0	36	-56	5	-707	-223	-580	0	0	0	2594	2821	-1306	338	0.3701	0.3449	0.7948	-0.3325	1	0	0	0	-106	-57	958	0	0	0	1849	539	1424	588	0.7865	0.0071	0.062	-0.613	
737756.164526334	0	0	49	-94	4	-676	-210	-539	0	0	0	2549	2956	-1051	339	0.3778	0.3706	0.7672	-0.36	1	0	-1	0	-113	-59	958	0	0	0	1744	614	1409	583	0.7877	0.0113	0.0663	-0.6111	
737756.164526879	0	0	74	-122	8	-656	-194	-312	0	0	0	2774	3061	-526	338	0.4067	0.3991	0.7009	-0.4269	1	0	0	0	-105	-58	959	0	0	0	1849	539	1424	581	0.7885	0.0072	0.0599	-0.6108	
737756.164527423	0	0	80	-137	13	-660	-183	-174	0	0	0	2684	3121	-46	338	0.4303	0.4095	0.6287	-0.5001	1	0	1	0	-111	-54	956	0	0	0	1729	599	1514	578	0.7918	0.0108	0.063	-0.6061	
737756.164527967	0	0	77	-165	6	-641	-137	30	0	0	0	2594	3211	462	338	0.4717	0.4083	0.5403	-0.5627	1	0	0	0	-120	-55	952	0	0	0	1909	599	1334	578	0.7894	0.0119	0.0664	-0.6089	
737756.164528476	0	0	89	-189	-4	-672	-87	321	0	0	0	2699	3012	998	335	0.5275	0.3733	0.4304	-0.6273	1	-1	0	0	-114	-60	952	0	0	0	1879	629	1424	575	0.7894	0.0104	0.067	-0.6088	
737756.164529011	0	0	68	-185	-16	-589	-150	563	0	0	0	2594	2787	1553	335	0.5708	0.272	0.3387	-0.6942	1	0	0	0	-113	-62	950	0	0	0	1849	629	1484	573	0.7887	0.0095	0.0652	-0.6099	
737756.164529554	0	0	49	-189	-18	-580	-163	861	0	0	0	2576	2519	1957	335	0.6133	0.1936	0.2688	-0.7145	1	-1	0	0	-111	-46	954	0	0	0	1669	719	1484	571	0.7938	0.0183	0.0664	-0.6029	
737756.164530281	0	0	85	-157	-2	-501	-155	1137	0	0	0	2471	2024	2781	335	0.6816	0.1224	0.1936	-0.6929	1	0	0	0	-118	-67	961	0	0	0	1744	554	1439	569	0.7879	0.0079	0.0671	-0.6107	
737756.164530709	0	0	36	-142	-4	-441	-165	1115	0	0	0	2486	1829	2976	334	0.7081	0.087	0.1773	-0.676	1	0	0	0	-112	-43	962	0	0	0	1759	629	1454	564	0.7893	0.0162	0.0623	-0.6093	
737756.164531357	0	0	70	-141	12	-373	-151	1297	0	0	0	2308	1178	3208	334	0.734	0.0454	0.1252	-0.6644	1	-1	0	0	-123	-50	960	0	0	0	1834	584	1439	556	0.7897	0.0142	0.0663	-0.6083	
737756.164531765	0	0	40	-85	13	-386	-64	1313	0	0	0	2263	1073	3432	335	0.7407	0.0694	0.105	-0.6583	1	-2	0	0	-119	-59	963	0	0	0	1909	629	1334	555	0.7918	0.0134	0.0678	-0.6055	
737756.164532272	0	0	26	-80	12	-367	-108	1127	0	0	0	2113	893	3402	335	0.733	0.0585	0.1266	-0.6644	1	-2	0	0	-119	-59	963	0	0	0	1909	629	1334	555	0.7918	0.0134	0.0678	-0.6055	
737756.164532817	0	0	38	-51	16	-351	-13	1278	0	0	0	2158	788	3567	334	0.7284	0.0776	0.0875	-0.6737	1	-2	0	0	-119	-59	963	0	0	0	1909	629	1334	555	0.7918	0.0134	0.0678	-0.6055	
737756.164533361	0	0	38	-51	16	-351	-13	1278	0	0	0	2158	788	3567	334	0.7284	0.0776	0.0875	-0.6737	1	-2	0	0	-119	-59	963	0	0	0	1909	629	1334	555	0.7918	0.0134	0.0678	-0.6055	
737756.164533777	0	0	38	-51	16	-351	-13	1278	0	0	0	2158	788	3567	334	0.7284	0.0776	0.0875	-0.6737	1	-2	0	0	-119	-59	963	0	0	0	1909	629	1334	555	0.7918	0.0134	0.0678	-0.6055	
737756.164534294	0	0	16	-29	5	-232	-40	573	0	0	0	1993	683	3432	335	0.7111	0.0922	0.1299	-0.6834	1	-2	0	0	-119	-59	963	0	0	0	1909	629	1334	555	0.7918	0.0134	0.0678	-0.6055	
737756.164535016	0	0	-29	7	-11	-172	21	1328	0	0	0	1873	653	3522	335	0.7074	0.059	0.0452	-0.7012	1	19	-35	0	-86	38	929	0	0	0	1894	674	1379	391	0.7908	0.0423	0.0515	-0.6067	
737756.16453556	0	0	-1	17	8	-340	-62	800	0	0	0	1978	638	3537	335	0.6921	0.0897	0.1431	-0.7003	1	-2	7	-2	-84	92	961	0	0	0	1759	539	1574	394	0.7972	0.0329	0.0297	-0.6002	
737756.164536095	0	0	0	-8	0	-348	36	1091	0	0	0	2008	668	3627	335	0.6706	0.1151	0.0827	-0.7269	1	-7	2	-4	-110	-42	941	0	0	0	1729	629	1484	392	0.7929	0.0253	0.0557	-0.6047	
737756.164536821	0	0	-4	2	-1	-303	-55	910	0	0	0	1993	773	3552	335	0.646	0.0996	0.125	-0.7452	1	14	-4	0	-103	-16	992	0	0	0	1579	449	1364	393	0.7896	0.0188	0.0451	-0.6102	
737756.164537365	0	0	-2	-3	0	-299	-18	1044	0	0	0	2008	638	3597	338	0.6395	0.0962	0.091	-0.7561	1	7	2	-2	-91	-7	950	0	0	0	1729	539	1484	393	0.7892	0.0266	0.04	-0.6109	
737756.164537909	0	0	-1	5	1	-299	-36	963	0	0	0	1948	638	3597	335	0.6326	0.1005	0.1068	-0.7593	1	1	0	0	-118	19	948	0	0	0	1699	599	1484	391	0.792	0.0408	0.0435	-0.6062	
737756.164538452	0	0	-1	-3	1	-313	-15	1006	0	0	0	1918	758	3567	335	0.628	0.1115	0.1025	-0.7623	1	-8	6	0	-117	-21	949	0	0	0	1714	614	1469	399	0.7883	0.0294	0.054	-0.6109	
737756.164538988	0	0	-2	1	0	-311	-18	971	0	0	0	1948	638	3597	335	0.6237	0.1086	0.0983	-0.7666	1	-14	2	3	-135	-9	952	0	0	0	1669	659	1484	409	0.7941	0.0347	0.06	-0.6024	
737756.164539413	0	0	-1	-1	0	-307	-22	979	0	0	0	1948	728	3477	335	0.6224	0.1129	0.1073	-0.7659	1	-10	-3	0	-133	-18	955	0	0	0	1624	764	1469	422	0.7904	0.0374	0.0608	-0.6068	
737756.164539889	0	0	-4	-3	0	-305	-28	1006	0	0	0	1873	773	3552	335	0.6227	0.1021	0.1004	-0.768	1	-12	-4	0	-120	-42	963	0	0	0	1834	584	1349	422	0.7885	0.0277	0.0601	-0.61	
737756.164540425	0	0	-5	-2	0	-304	-36	1007	0	0	0	1873	773	3552	335	0.6238	0.1063	0.1125	-0.7649	1	-12	-4	0	-120	-42	963	0	0	0	1834	584	1349	422	0.7885	0.0277	0.0601	-0.61	
737756.164540967	0	0	-11	-5	-1	-301	-22	1054	0	0	0	2083	653	3522	335	0.6271	0.0998	0.0965	-0.7654	1	-12	-4	0	-120	-42	963	0	0	0	1834	584	1349	422	0.7885	0.0277	0.0601	-0.61	
737756.164541694	0	0	-34	8	1	-283	-71	1225	0	0	0	1993	713	3432	335	0.6433	0.0689	0.1034	-0.7543	1	-4	-19	1	-50	40	965	0	0	0	1669	689	1394	527	0.7911	0.0165	0.031	-0.6088	
737756.164542122	0	0	-36	25	8	-304	-123	1330	0	0	0	2083	833	3582	335	0.6524	0.0549	0.1137	-0.746	1	-4	-19	1	-50	40	965	0	0	0	1669	689	1394	527	0.7911	0.0165	0.031	-0.6088	
737756.16454254	0	0	-45	48	10	-383	-106	1402	0	0	0	2128	848	3417	335	0.6634	0.0749	0.1225	-0.7332	1	-4	-19	1	-50	40	965	0	0	0	1669	689	1394	527	0.7911	0.0165	0.031	-0.6088	
737756.164543083	0	0	-45	73	13	-416	-108	1429	0	0	0	2263	983	3283	335	0.6737	0.0848	0.1338	-0.7206	1	-10	5	-1	-57	-101	969	0	0	0	1774	494	1469	607	0.7879	-0.0038	0.0489	-0.6123	
737756.164543475	0	0	-64	100	12	-445	-109	1409	0	0	0	2308	1268	3208	335	0.6868	0.0894	0.1446	-0.7051	1	-2	2	-2	-80	-89	974	0	0	0	1699	479	1454	609	0.7856	-0.0046	0.0585	-0.6145	
737756.164543892	0	0	-72	125	11	-437	-138	1280	0	0	0	2503	1433	2983	335	0.7041	0.0846	0.1693	-0.6828	1	-3	1	-2	-83	-47	952	0	0	0	1864	524	1439	607	0.7867	0.004	0.0537	-0.6136	
737756.164544436	0	0	-79	150	14	-428	-113	1170	0	0	0	2443	1852	2713	337	0.7387	0.098	0.1835	-0.6392	1	-7	3	0	-84	-52	967	0	0	0	1804	554	1409	604	0.7886	0.0055	0.051	-0.6115	
737756.164544977	0	0	-92	171	12	-421	-130	927	0	0	0	2578	2077	2518	335	0.7558	0.0963	0.2271	-0.6049	1	-7	3	0	-84	-52	967	0	0	0	1804	554	1409	604	0.7886	0.0055	0.051	-0.6115	
737756.164545397	0	0	-82	181	13	-430	-136	799	0	0	0	2623	2242	2353	335	0.7549	0.1041	0.2558	-0.5932	1	-1	1	0	-87	-67	958	0	0	0	1774	494	1439	604	0.7866	-0.0018	0.0538	-0.6137	
737756.164545814	0	0	-79	175	7	-518	-125	457	0	0	0	2611	2688	1487	335	0.7317	0.1572	0.3818	-0.5405	1	-4	3	-1	-90	-67	958	0	0	0	1849	509	1454	594	0.7898	0.0018	0.0567	-0.6093	
737756.164546358	0	0	-68	176	6	-551	-194	229	0	0	0	2926	2883	1202	335	0.687	0.1726	0.4813	-0.5145	1	-3	0	0	-95	-71	960	0	0	0	1774	614	1529	594	0.7898	0.0016	0.0619	-0.6089	
737756.164546902	0	0	-39	177	12	-603	-179	-25	0	0	0	2804	2993	624	335	0.6285	0.2035	0.5756	-0.4799	1	0	1	-1	-99	-71	959	0	0	0	1849	569	1454	589	0.7924	0	0.0624	-0.6054	
737756.164547446	0	0	-40	131	0	-667	-224	-226	0	0	0	2744	3083	264	337	0.5495	0.2457	0.6702	-0.432	1	-1	0	0	-95	-54	955	0	0	0	1789	599	1574	586	0.794	0.0051	0.0577	-0.6038	
737756.164547991	0	0	-41	103	-2	-735	-242	-257	0	0	0	2834	3083	-65	335	0.497	0.269	0.7144	-0.4105	1	0	1	0	-95	-66	962	0	0	0	1864	614	1379	585	0.7929	0.002	0.0603	-0.605	
737756.164548524	0	0	-52	90	-4	-751	-298	-316	0	0	0	2729	3068	-350	337	0.4554	0.2869	0.7354	-0.4095	1	-2	0	0	-98	-63	965	0	0	0	1819	449	1514	587	0.787	-0.0005	0.0559	-0.613	
737756.164549247	0	0	-28	83	3	-785	-322	-446	0	0	0	2759	2858	-799	338	0.4126	0.3092	0.7589	-0.3955	1	0	0	0	-105	-74	953	0	0	0	1759	629	1454	585	0.7904	0.0032	0.0669	-0.6075	
737756.164549795	0	0	-28	83	3	-785	-322	-446	0	0	0	2759	2858	-799	338	0.4126	0.3092	0.7589	-0.3955	1	-2	0	0	-105	-59	964	0	0	0	1879	509	1364	584	0.7874	0.0038	0.0611	-0.612	
737756.164550339	0	0	-28	83	3	-785	-322	-446	0	0	0	2759	2858	-799	338	0.4126	0.3092	0.7589	-0.3955	1	-2	0	0	-102	-74	962	0	0	0	1864	584	1349	584	0.7895	0.0029	0.0651	-0.6089	
737756.164550874	0	0	-5	27	15	-790	-240	-629	0	0	0	2664	2794	-1379	339	0.3608	0.3555	0.7796	-0.3661	1	-1	0	0	-99	-67	959	0	0	0	1864	644	1379	586	0.7904	0.0038	0.0639	-0.6079	
737756.16455145	0	0	-5	27	15	-790	-240	-629	0	0	0	2664	2794	-1379	339	0.3608	0.3555	0.7796	-0.3661	1	-1	0	0	-104	-69	950	0	0	0	1879	659	1454	588	0.7919	0.0034	0.0656	-0.6057	
737756.164551985	0	0	-5	27	15	-790	-240	-629	0	0	0	2664	2794	-1379	339	0.3608	0.3555	0.7796	-0.3661	1	-1	0	0	-108	-68	955	0	0	0	1879	689	1364	586	0.7926	0.0063	0.0674	-0.6045	
737756.164552711	0	0	-5	27	15	-790	-240	-629	0	0	0	2664	2794	-1379	339	0.3608	0.3555	0.7796	-0.3661	1	0	-1	0	-101	-62	958	0	0	0	1804	584	1499	583	0.7904	0.0036	0.063	-0.6079	
737756.164553256	0	0	-5	27	15	-790	-240	-629	0	0	0	2664	2794	-1379	339	0.3608	0.3555	0.7796	-0.3661	1	-2	2	0	-100	-65	958	0	0	0	1939	778	1424	582	0.7949	0.0074	0.0654	-0.6018	
737756.164553684	0	0	47	-99	8	-770	-262	-271	0	0	0	2769	3019	-494	338	0.3932	0.409	0.6752	-0.4695	1	0	0	0	-113	-74	955	0	0	0	1804	674	1499	578	0.7942	0.0048	0.0707	-0.6022	
737756.164554114	0	0	65	-102	13	-784	-282	-136	0	0	0	2634	3094	-330	338	0.4103	0.4	0.6334	-0.5183	1	0	0	0	-109	-75	962	0	0	0	1909	689	1484	579	0.7942	0.0042	0.0691	-0.6024	
737756.16455484	0	0	44	-113	6	-841	-219	164	0	0	0	2559	3109	104	338	0.4882	0.3769	0.5221	-0.5876	1	0	0	0	-103	-60	961	0	0	0	1834	614	1439	576	0.7906	0.0057	0.0628	-0.6077	
737756.164555304	0	0	59	-105	13	-864	-213	196	0	0	0	2691	3210	628	335	0.4978	0.3656	0.5033	-0.6029	1	1	-1	0	-111	-81	957	0	0	0	1819	539	1394	577	0.7926	0.0015	0.0694	-0.6044	
737756.164555847	0	0	36	-113	2	-863	-175	367	0	0	0	2676	3165	913	338	0.5426	0.3425	0.4424	-0.6251	1	1	-1	0	-112	-74	950	0	0	0	1834	644	1439	576	0.7926	0.0031	0.0697	-0.6043	
737756.164556392	0	0	37	-104	0	-815	-208	452	0	0	0	2691	3090	1048	335	0.5576	0.3028	0.4286	-0.6418	1	0	0	0	-107	-74	956	0	0	0	1879	778	1244	574	0.7978	0.0064	0.0701	-0.5974	
737756.164556808	0	0	40	-102	0	-817	-187	525	0	0	0	2631	3000	1468	335	0.5803	0.2852	0.3981	-0.6494	1	0	0	0	-115	-71	957	0	0	0	1744	614	1379	576	0.7946	0.0041	0.0679	-0.6019	
737756.164557232	0	0	46	-91	4	-786	-185	568	0	0	0	2571	2850	1678	335	0.5953	0.2656	0.3807	-0.6545	1	0	0	0	-117	-74	964	0	0	0	1774	764	1439	574	0.7995	0.0093	0.0726	-0.5948	
737756.164557955	0	0	27	-103	-8	-758	-156	619	0	0	0	2571	2760	1918	335	0.6167	0.2492	0.3511	-0.6575	1	0	0	0	-115	-74	951	0	0	0	2029	719	1394	572	0.7966	0.0042	0.0706	-0.599	
737756.164558499	0	0	30	-73	2	-719	-120	703	0	0	0	2373	2530	2249	335	0.6361	0.2248	0.3171	-0.665	1	0	0	0	-115	-74	951	0	0	0	2029	719	1394	572	0.7966	0.0042	0.0706	-0.599	
737756.164559035	0	0	38	-77	0	-632	-213	688	0	0	0	2463	2320	2369	335	0.6325	0.1875	0.3188	-0.6789	1	-1	0	0	-115	-71	959	0	0	0	1939	599	1334	569	0.7959	0.0052	0.0672	-0.6003	
737756.164559767	0	0	22	-84	-4	-596	-159	829	0	0	0	2358	2185	2774	335	0.652	0.1683	0.2655	-0.6885	1	0	-1	0	-111	-54	958	0	0	0	2014	644	1499	570	0.7944	0.0045	0.0656	-0.6025	
737756.164560305	0	0	31	-80	-1	-571	-125	865	0	0	0	2418	1915	2834	335	0.6564	0.1586	0.2416	-0.6946	1	0	-1	0	-113	-60	961	0	0	0	1939	689	1244	571	0.7949	0.0074	0.066	-0.6017	
737756.164560849	0	0	31	-80	-1	-571	-125	865	0	0	0	2418	1915	2834	335	0.6564	0.1586	0.2416	-0.6946	1	0	-1	0	-113	-60	961	0	0	0	1939	689	1244	571	0.7949	0.0074	0.066	-0.6017	
737756.164561392	0	0	31	-80	-1	-571	-125	865	0	0	0	2418	1915	2834	335	0.6564	0.1586	0.2416	-0.6946	1	0	-1	0	-113	-60	961	0	0	0	1939	689	1244	571	0.7949	0.0074	0.066	-0.6017	
737756.164561933	0	0	36	-68	4	-455	-118	1026	0	0	0	2267	1342	3227	335	0.6716	0.1112	0.1765	-0.7095	1	0	-1	0	-113	-60	961	0	0	0	1939	689	1244	571	0.7949	0.0074	0.066	-0.6017	
737756.164562653	0	0	15	-77	0	-354	-112	1036	0	0	0	2102	877	3302	335	0.6666	0.0769	0.1368	-0.7273	1	0	-1	0	-113	-60	961	0	0	0	1939	689	1244	571	0.7949	0.0074	0.066	-0.6017	
737756.164563189	0	0	103	-117	11	-688	-4	2005	0	0	0	2042	787	3452	333	0.668	0.1015	0.106	-0.7276	1	0	-1	0	-113	-60	961	0	0	0	1939	689	1244	571	0.7949	0.0074	0.066	-0.6017	
737756.164563916	0	0	-45	70	9	-363	-110	746	0	0	0	2102	787	3422	335	0.6652	0.0928	0.1411	-0.7255	1	27	-13	0	-192	-62	915	0	0	0	1879	898	1514	411	0.7972	0.0212	0.0933	-0.5942	
737756.16456446	0	0	16	-11	6	-244	-82	560	0	0	0	2027	772	3377	338	0.6511	0.0974	0.1675	-0.732	1	27	-13	0	-192	-62	915	0	0	0	1879	898	1514	411	0.7972	0.0212	0.0933	-0.5942	
737756.164565004	0	0	23	-36	3	-317	9	1167	0	0	0	2012	757	3542	335	0.6583	0.0972	0.0842	-0.7399	1	1	-10	1	-157	-22	906	0	0	0	1849	659	1484	391	0.7931	0.0336	0.064	-0.6034	
737756.164565408	0	0	-12	19	2	-352	-47	1015	0	0	0	1907	622	3467	335	0.6583	0.1011	0.1173	-0.7353	1	-5	0	0	-155	-62	930	0	0	0	1819	629	1454	393	0.7928	0.0164	0.0611	-0.6045	
737756.164565871	0	0	-5	2	0	-354	-56	834	0	0	0	2012	847	3452	335	0.6457	0.1197	0.1435	-0.7392	1	4	-2	-3	-122	-21	951	0	0	0	1774	584	1499	394	0.7904	0.0179	0.0602	-0.6079	
737756.164566415	0	0	1	-5	0	-348	-14	1052	0	0	0	2057	712	3527	334	0.6375	0.1138	0.1036	-0.7538	1	2	0	1	-103	-18	970	0	0	0	1789	599	1364	393	0.792	0.0184	0.0531	-0.6066	
737756.164566913	0	0	-4	2	0	-330	-52	965	0	0	0	1922	787	3542	335	0.6338	0.1044	0.1204	-0.7558	1	15	1	-1	-96	-57	971	0	0	0	1729	689	1424	393	0.7949	0.0154	0.0564	-0.6024	
737756.16456746	0	0	0	-6	1	-332	-27	976	0	0	0	1952	817	3362	335	0.6308	0.1195	0.1178	-0.7564	1	2	0	-1	-119	12	943	0	0	0	1744	614	1439	391	0.7925	0.0373	0.0477	-0.6054	
737756.164568003	0	0	-2	2	1	-333	-23	1004	0	0	0	1877	1012	3557	335	0.6374	0.1194	0.1197	-0.7506	1	-4	3	0	-109	-54	966	0	0	0	1729	569	1604	391	0.7893	0.0177	0.0552	-0.6098	
737756.164568419	0	0	1	0	1	-339	-23	965	0	0	0	2042	787	3512	335	0.6357	0.1178	0.1125	-0.7534	1	5	0	0	-120	-37	966	0	0	0	1744	704	1559	393	0.7891	0.0226	0.0631	-0.6092	
737756.164568973	0	0	0	0	0	-329	-27	985	0	0	0	1922	727	3422	335	0.6299	0.1115	0.1086	-0.7598	1	4	-2	0	-107	-21	966	0	0	0	1699	629	1574	392	0.7919	0.0273	0.0509	-0.6065	
737756.164569517	0	0	-4	-2	0	-340	-31	964	0	0	0	1982	907	3512	335	0.6303	0.1222	0.1243	-0.7554	1	4	-1	0	-94	-34	973	0	0	0	1774	584	1499	392	0.7905	0.0204	0.0484	-0.6088	
737756.164570061	0	0	-1	-3	0	-323	-31	1003	0	0	0	1907	832	3467	335	0.6268	0.1153	0.1163	-0.7606	1	-17	0	1	-130	-40	989	0	0	0	1774	793	1409	417	0.7953	0.0312	0.0665	-0.6003	
737756.164570605	0	0	-8	-2	-1	-320	-12	1044	0	0	0	1982	817	3482	335	0.6335	0.1123	0.1019	-0.7576	1	-17	0	1	-130	-40	989	0	0	0	1774	793	1409	417	0.7953	0.0312	0.0665	-0.6003	
737756.164571148	0	0	-11	5	-1	-313	-29	1184	0	0	0	1922	877	3452	335	0.6448	0.0909	0.0984	-0.7512	1	2	-14	5	-110	0	948	0	0	0	1804	614	1469	463	0.7956	0.0253	0.056	-0.6012	
737756.164571689	0	0	-28	28	2	-360	-81	1332	0	0	0	2087	772	3467	335	0.6555	0.0803	0.1149	-0.7409	1	2	-14	5	-110	0	948	0	0	0	1804	614	1469	463	0.7956	0.0253	0.056	-0.6012	
737756.164572411	0	0	-54	68	8	-447	-121	1335	0	0	0	2237	1042	3287	335	0.6671	0.0934	0.1514	-0.7223	1	-5	0	2	-147	50	956	0	0	0	1789	659	1484	604	0.7911	0.0407	0.0366	-0.6075	
737756.164572955	0	0	-49	74	9	-461	-118	1344	0	0	0	2177	1072	3407	335	0.6683	0.0918	0.1455	-0.7224	1	-5	0	2	-147	50	956	0	0	0	1789	659	1484	604	0.7911	0.0407	0.0366	-0.6075	
737756.164573498	0	0	-49	74	9	-461	-118	1344	0	0	0	2177	1072	3407	335	0.6683	0.0918	0.1455	-0.7224	1	-5	0	2	-147	50	956	0	0	0	1789	659	1484	604	0.7911	0.0407	0.0366	-0.6075	
737756.164574041	0	0	-80	145	14	-448	-166	1107	0	0	0	2507	1911	2687	335	0.7157	0.096	0.2112	-0.6568	1	-5	0	2	-147	50	956	0	0	0	1789	659	1484	604	0.7911	0.0407	0.0366	-0.6075	
737756.164574566	0	0	-97	164	15	-469	-150	886	0	0	0	2597	2241	2148	335	0.7382	0.1096	0.2494	-0.6152	1	-1	2	0	-115	-39	953	0	0	0	1789	749	1454	614	0.7915	0.0214	0.0618	-0.6062	
737756.164575296	0	0	-75	173	16	-539	-126	495	0	0	0	2679	2609	1720	335	0.7219	0.1619	0.3796	-0.5539	1	-4	2	0	-108	-53	961	0	0	0	1684	674	1499	613	0.7906	0.0167	0.0622	-0.6075	
737756.164575837	0	0	-75	175	11	-586	-134	263	0	0	0	2769	2849	1151	335	0.6814	0.2002	0.4774	-0.5156	1	-1	2	-1	-109	-41	959	0	0	0	1894	614	1469	607	0.7914	0.0134	0.0593	-0.6069	
737756.164576381	0	0	-72	159	6	-623	-162	120	0	0	0	2679	3029	821	335	0.6574	0.2161	0.5231	-0.4954	1	-1	3	-1	-107	-49	958	0	0	0	1864	734	1289	597	0.7939	0.0154	0.0619	-0.6033	
737756.164576809	0	0	-61	143	2	-656	-199	-24	0	0	0	2784	3074	236	338	0.602	0.2393	0.605	-0.4609	1	-2	2	0	-119	-59	962	0	0	0	1789	629	1484	596	0.7925	0.012	0.0657	-0.6048	
737756.164577272	0	0	-54	134	6	-714	-218	-145	0	0	0	2737	3110	-24	335	0.5457	0.2582	0.6703	-0.4295	1	0	0	0	-120	-54	959	0	0	0	1804	704	1409	591	0.7926	0.0176	0.0684	-0.6043	
737756.164577816	0	0	-57	112	-2	-741	-231	-234	0	0	0	2617	2930	-503	338	0.5	0.2795	0.7121	-0.4038	1	-1	2	-1	-115	-38	955	0	0	0	1684	764	1529	588	0.7992	0.0243	0.064	-0.5957	
737756.164578201	0	0	-57	112	-2	-741	-231	-234	0	0	0	2617	2930	-503	338	0.5	0.2795	0.7121	-0.4038	1	-3	0	0	-122	-52	962	0	0	0	1804	614	1499	588	0.7984	0.0177	0.0632	-0.5971	
737756.164578672	0	0	-57	112	-2	-741	-231	-234	0	0	0	2617	2930	-503	338	0.5	0.2795	0.7121	-0.4038	1	-2	1	0	-115	-51	957	0	0	0	1849	749	1454	586	0.7995	0.0163	0.0661	-0.5954	
737756.164579216	0	0	-57	112	-2	-741	-231	-234	0	0	0	2617	2930	-503	338	0.5	0.2795	0.7121	-0.4038	1	-1	0	0	-122	-57	961	0	0	0	1804	704	1439	583	0.8004	0.0131	0.0683	-0.5941	
737756.16457976	0	0	-57	112	-2	-741	-231	-234	0	0	0	2617	2930	-503	338	0.5	0.2795	0.7121	-0.4038	1	-1	0	0	-122	-57	961	0	0	0	1804	704	1439	583	0.8004	0.0131	0.0683	-0.5941	
737756.164580364	0	0	-8	12	5	-670	-229	-791	0	0	0	2512	2615	-1538	340	0.3449	0.3493	0.8114	-0.3146	1	-1	0	0	-122	-57	961	0	0	0	1804	704	1439	583	0.8004	0.0131	0.0683	-0.5941	
737756.164580907	0	0	13	-9	7	-694	-226	-815	0	0	0	2509	2661	-1596	339	0.334	0.3598	0.8134	-0.3091	1	-2	0	-1	-126	-66	950	0	0	0	1789	629	1304	583	0.7984	0.013	0.0691	-0.5966	
737756.16458145	0	0	21	-25	7	-715	-213	-774	0	0	0	2629	2631	-1626	339	0.3331	0.3661	0.8107	-0.3099	1	-1	0	0	-129	-60	960	0	0	0	1804	674	1469	584	0.7961	0.0135	0.0707	-0.5995	
737756.164581995	0	0	21	-25	7	-715	-213	-774	0	0	0	2629	2631	-1626	339	0.3331	0.3661	0.8107	-0.3099	1	1	-1	0	-115	-61	963	0	0	0	1759	569	1364	584	0.7928	0.0087	0.0667	-0.6044	
737756.164582539	0	0	21	-25	7	-715	-213	-774	0	0	0	2629	2631	-1626	339	0.3331	0.3661	0.8107	-0.3099	1	-1	0	-1	-125	-52	964	0	0	0	1774	554	1469	580	0.7937	0.015	0.0647	-0.6032	
737756.164583083	0	0	69	-94	15	-698	-219	-401	0	0	0	2674	2886	-802	339	0.3755	0.4169	0.7177	-0.4103	1	0	0	0	-125	-65	948	0	0	0	1864	764	1439	579	0.7992	0.015	0.0736	-0.5949	
737756.164583618	0	0	79	-129	10	-719	-207	-179	0	0	0	2614	2976	-262	339	0.4156	0.4311	0.637	-0.4831	1	2	-1	1	-128	-60	962	0	0	0	1834	704	1379	575	0.7956	0.0139	0.0727	-0.5999	
737756.164584161	0	0	76	-136	16	-765	-193	90	0	0	0	2655	3042	52	339	0.4569	0.3993	0.5499	-0.5714	1	-2	1	0	-125	-50	953	0	0	0	1729	599	1424	575	0.7965	0.0178	0.0664	-0.5992	
737756.164584888	0	0	56	-153	3	-795	-178	249	0	0	0	2610	3087	667	338	0.5117	0.3673	0.4702	-0.6167	1	0	-1	0	-135	-63	956	0	0	0	1849	749	1334	575	0.7984	0.0165	0.075	-0.5958	
737756.164585432	0	0	69	-127	11	-764	-141	407	0	0	0	2550	2817	1147	335	0.5613	0.3259	0.4059	-0.642	1	-1	0	0	-126	-52	946	0	0	0	1804	793	1469	572	0.8058	0.0183	0.0723	-0.586	
737756.164585849	0	0	24	-145	-6	-756	-141	465	0	0	0	2505	2802	1521	335	0.5879	0.3004	0.3805	-0.6461	1	0	0	0	-128	-51	965	0	0	0	1789	719	1454	573	0.805	0.0167	0.0688	-0.5876	
737756.164586315	0	0	70	-127	6	-635	-164	455	0	0	0	2427	2785	1671	338	0.5866	0.2645	0.3804	-0.6629	1	0	0	0	-129	-61	961	0	0	0	1804	704	1439	574	0.8038	0.014	0.0699	-0.5892	
737756.164587041	0	0	70	-127	6	-635	-164	455	0	0	0	2427	2785	1671	338	0.5866	0.2645	0.3804	-0.6629	1	0	0	0	-129	-61	961	0	0	0	1804	704	1439	574	0.8038	0.014	0.0699	-0.5892	
737756.164587585	0	0	51	-156	-5	-495	-107	922	0	0	0	2203	1840	2615	335	0.6624	0.1424	0.2018	-0.7049	1	0	0	0	-129	-61	961	0	0	0	1804	704	1439	574	0.8038	0.014	0.0699	-0.5892	
737756.164588129	0	0	48	-142	0	-424	-167	1009	0	0	0	2277	1676	2750	337	0.6779	0.1012	0.1918	-0.7006	1	0	0	0	-135	-59	952	0	0	0	1714	793	1319	567	0.8049	0.0206	0.0757	-0.5868	
737756.16458856	0	0	48	-142	0	-424	-167	1009	0	0	0	2277	1676	2750	337	0.6779	0.1012	0.1918	-0.7006	1	0	0	0	-135	-59	952	0	0	0	1714	793	1319	567	0.8049	0.0206	0.0757	-0.5868	
737756.164589045	0	0	45	-91	13	-374	-31	1244	0	0	0	2024	982	3291	335	0.7098	0.086	0.1064	-0.6893	1	0	0	0	-135	-59	952	0	0	0	1714	793	1319	567	0.8049	0.0206	0.0757	-0.5868	
737756.164589772	0	0	84	-130	20	-1184	-60	2442	0	0	0	1889	787	3486	335	0.706	0.0899	0.0973	-0.6937	1	0	0	0	-135	-59	952	0	0	0	1714	793	1319	567	0.8049	0.0206	0.0757	-0.5868	
737756.164590247	0	0	-40	110	-11	127	59	1766	0	0	0	1889	548	3396	335	0.7083	0.0701	0.0475	-0.6983	1	-8	19	-4	-135	-32	1046	0	0	0	1819	719	1334	496	0.7988	0.0233	0.0667	-0.5961	
737756.164590791	0	0	33	13	12	-300	-54	331	0	0	0	1934	982	3531	340	0.6977	0.13	0.1575	-0.6847	1	11	32	-24	-88	-143	877	0	0	0	1924	793	1379	440	0.7961	0.0095	0.0755	-0.5985	
737756.164591335	0	0	33	13	12	-300	-54	331	0	0	0	1934	982	3531	340	0.6977	0.13	0.1575	-0.6847	1	11	32	-24	-88	-143	877	0	0	0	1924	793	1379	440	0.7961	0.0095	0.0755	-0.5985	
737756.164591752	0	0	33	13	12	-300	-54	331	0	0	0	1934	982	3531	340	0.6977	0.13	0.1575	-0.6847	1	11	32	-24	-88	-143	877	0	0	0	1924	793	1379	440	0.7961	0.0095	0.0755	-0.5985	
737756.16459248	0	0	-10	15	3	-406	-64	707	0	0	0	1874	742	3471	337	0.6866	0.1152	0.1449	-0.7013	1	-5	5	-7	-155	28	921	0	0	0	1804	764	1349	393	0.7993	0.0427	0.0565	-0.595	
737756.16459321	0	0	-4	-11	-4	-419	47	1105	0	0	0	1904	1042	3531	335	0.6722	0.1379	0.1032	-0.7187	1	7	-6	2	-188	-83	963	0	0	0	1759	659	1364	394	0.7923	0.0178	0.0949	-0.601	
737756.164593746	0	0	-3	2	-1	-370	-43	875	0	0	0	1919	967	3366	335	0.6527	0.1262	0.1428	-0.7321	1	13	-3	-2	-84	-1	969	0	0	0	1729	629	1394	394	0.7978	0.0243	0.0516	-0.5986	
737756.164594471	0	0	0	-3	1	-383	11	1030	0	0	0	1844	862	3411	335	0.6406	0.1371	0.1091	-0.7465	1	4	2	0	-152	-18	934	0	0	0	1669	689	1364	394	0.7969	0.0387	0.0643	-0.598	
737756.164595015	0	0	-1	-1	2	-383	-5	934	0	0	0	1844	892	3501	338	0.6289	0.1426	0.1195	-0.7538	1	0	-1	2	-169	-46	960	0	0	0	1714	674	1319	394	0.7928	0.0334	0.0757	-0.6025	
737756.164595559	0	0	-2	-2	0	-398	14	985	0	0	0	1859	967	3456	335	0.6263	0.1526	0.1188	-0.754	1	0	-1	2	-169	-46	960	0	0	0	1714	674	1319	394	0.7928	0.0334	0.0757	-0.6025	
737756.164596103	0	0	-7	-6	-2	-380	-9	976	0	0	0	1934	982	3351	335	0.6218	0.1414	0.125	-0.759	1	4	-5	1	-111	-12	934	0	0	0	1789	778	1394	393	0.7969	0.0323	0.0621	-0.5986	
737756.164596639	0	0	-7	-2	0	-369	-22	990	0	0	0	1889	997	3516	335	0.6222	0.1303	0.1209	-0.7613	1	-15	-4	1	-138	-58	1001	0	0	0	1804	674	1319	413	0.7948	0.0259	0.0682	-0.601	
737756.164597181	0	0	-14	0	0	-375	-23	1055	0	0	0	1964	952	3411	335	0.6237	0.1233	0.1173	-0.7617	1	2	-11	3	-140	-58	943	0	0	0	1789	719	1424	417	0.7944	0.0181	0.0775	-0.6008	
737756.16459769	0	0	-30	4	-1	-375	-47	1154	0	0	0	2009	937	3396	335	0.6307	0.1111	0.1246	-0.7567	1	-1	-11	3	-130	-21	950	0	0	0	1879	629	1334	423	0.7936	0.0236	0.0651	-0.6031	
737756.164598418	0	0	-28	46	9	-441	-98	1370	0	0	0	1949	1027	3246	335	0.646	0.1062	0.1422	-0.7409	1	-1	-11	3	-130	-21	950	0	0	0	1879	629	1334	423	0.7936	0.0236	0.0651	-0.6031	
737756.164598962	0	0	-44	63	10	-514	-88	1387	0	0	0	2144	1252	3201	335	0.6601	0.1205	0.1551	-0.7238	1	-1	-11	3	-130	-21	950	0	0	0	1879	629	1334	423	0.7936	0.0236	0.0651	-0.6031	
737756.164599504	0	0	-63	99	6	-522	-74	1343	0	0	0	2309	1327	3036	335	0.6773	0.1251	0.1619	-0.7054	1	-12	0	3	-28	-182	995	0	0	0	1789	629	1454	543	0.7921	-0.02	0.0663	-0.6045	
737756.164599939	0	0	-68	122	6	-496	-95	1309	0	0	0	2249	1597	2856	338	0.701	0.1137	0.1698	-0.6816	1	4	-4	5	-92	-191	968	0	0	0	1819	629	1424	578	0.7973	-0.0494	0.0929	-0.5929	
737756.16460041	0	0	-84	150	7	-472	-122	1099	0	0	0	2489	2047	2497	335	0.7374	0.1096	0.2096	-0.6307	1	0	-2	0	-31	-1	963	0	0	0	1774	584	1499	591	0.8004	-0.023	0.0731	-0.5921	
737756.164601136	0	0	-70	164	10	-510	-133	829	0	0	0	2609	2227	2347	335	0.7415	0.1239	0.2714	-0.5995	1	0	-2	0	-31	-1	963	0	0	0	1774	584	1499	591	0.8004	-0.023	0.0731	-0.5921	
737756.164601682	0	0	-67	163	1	-558	-104	542	0	0	0	2496	2556	1540	335	0.7279	0.1766	0.3591	-0.5552	1	-7	4	-1	-125	-10	959	0	0	0	1774	704	1439	609	0.7977	0.0276	0.0602	-0.598	
737756.164602226	0	0	-63	170	0	-593	-143	307	0	0	0	2646	2795	1300	335	0.6977	0.1939	0.4339	-0.5342	1	-8	4	1	-116	-31	963	0	0	0	1834	674	1439	609	0.7963	0.0191	0.0613	-0.6001	
737756.16460277	0	0	-56	165	-1	-614	-164	260	0	0	0	2571	2870	1165	335	0.6854	0.2014	0.459	-0.5263	1	-8	4	1	-116	-31	963	0	0	0	1834	674	1439	609	0.7963	0.0191	0.0613	-0.6001	
737756.164603186	0	0	-56	165	-1	-614	-164	260	0	0	0	2571	2870	1165	335	0.6854	0.2014	0.459	-0.5263	1	-8	4	1	-116	-31	963	0	0	0	1834	674	1439	609	0.7963	0.0191	0.0613	-0.6001	
737756.164603834	0	0	-56	165	-1	-614	-164	260	0	0	0	2571	2870	1165	335	0.6854	0.2014	0.459	-0.5263	1	-8	4	1	-116	-31	963	0	0	0	1834	674	1439	609	0.7963	0.0191	0.0613	-0.6001	
737756.164604379	0	0	-56	165	-1	-614	-164	260	0	0	0	2571	2870	1165	335	0.6854	0.2014	0.459	-0.5263	1	-3	1	0	-128	-68	962	0	0	0	1864	734	1439	603	0.7947	0.0148	0.0726	-0.6011	
737756.164604914	0	0	-56	165	-1	-614	-164	260	0	0	0	2571	2870	1165	335	0.6854	0.2014	0.459	-0.5263	1	0	-1	0	-119	-66	966	0	0	0	1744	614	1469	603	0.7917	0.0095	0.0692	-0.6055	
737756.16460564	0	0	-56	165	-1	-614	-164	260	0	0	0	2571	2870	1165	335	0.6854	0.2014	0.459	-0.5263	1	-1	0	0	-125	-61	969	0	0	0	1789	719	1454	601	0.7958	0.015	0.0713	-0.5998	
737756.164606184	0	0	-56	165	-1	-614	-164	260	0	0	0	2571	2870	1165	335	0.6854	0.2014	0.459	-0.5263	1	0	-1	1	-134	-58	954	0	0	0	1879	629	1544	604	0.7951	0.0132	0.0739	-0.6004	
737756.164606728	0	0	-56	165	-1	-614	-164	260	0	0	0	2571	2870	1165	335	0.6854	0.2014	0.459	-0.5263	1	-1	0	0	-126	-52	954	0	0	0	1849	778	1514	604	0.7972	0.0196	0.0711	-0.5978	
737756.164607271	0	0	-56	165	-1	-614	-164	260	0	0	0	2571	2870	1165	335	0.6854	0.2014	0.459	-0.5263	1	-1	0	0	-130	-76	963	0	0	0	1789	719	1364	602	0.7971	0.0122	0.075	-0.5976	
737756.164607807	0	0	-56	165	-1	-614	-164	260	0	0	0	2571	2870	1165	335	0.6854	0.2014	0.459	-0.5263	1	0	0	0	-128	-63	959	0	0	0	1909	808	1484	597	0.7974	0.0144	0.0745	-0.5972	
737756.164608533	0	0	-56	165	-1	-614	-164	260	0	0	0	2571	2870	1165	335	0.6854	0.2014	0.459	-0.5263	1	0	0	0	-125	-66	962	0	0	0	1849	778	1394	594	0.8013	0.0141	0.0744	-0.592	
737756.164608928	0	0	-56	165	-1	-614	-164	260	0	0	0	2571	2870	1165	335	0.6854	0.2014	0.459	-0.5263	1	-1	0	0	-133	-58	956	0	0	0	1744	704	1379	590	0.8005	0.0159	0.0723	-0.5933	
737756.16460944	0	0	-56	165	-1	-614	-164	260	0	0	0	2571	2870	1165	335	0.6854	0.2014	0.459	-0.5263	1	0	0	0	-127	-65	957	0	0	0	1894	704	1439	588	0.798	0.0121	0.0733	-0.5967	
737756.164609983	0	0	-56	165	-1	-614	-164	260	0	0	0	2571	2870	1165	335	0.6854	0.2014	0.459	-0.5263	1	0	0	0	-125	-69	963	0	0	0	1804	734	1379	583	0.7978	0.0129	0.0724	-0.597	
737756.16461071	0	0	73	-95	16	-772	-265	-188	0	0	0	2634	3029	-151	338	0.4419	0.3612	0.6645	-0.4804	1	-2	0	0	-136	-60	946	0	0	0	1894	808	1334	579	0.7977	0.0183	0.0771	-0.5964	
737756.164611254	0	0	69	-108	16	-778	-232	-10	0	0	0	2709	3044	132	335	0.4748	0.3589	0.6036	-0.5283	1	-2	0	0	-131	-58	961	0	0	0	1864	644	1439	578	0.7937	0.0142	0.0721	-0.6024	
737756.164611647	0	0	53	-126	10	-762	-213	83	0	0	0	2648	2979	466	337	0.5023	0.3523	0.5517	-0.5633	1	-1	0	0	-138	-66	957	0	0	0	1864	734	1409	575	0.7973	0.0156	0.0774	-0.597	
737756.164612168	0	0	44	-126	11	-787	-173	242	0	0	0	2453	3054	721	335	0.5379	0.3364	0.4853	-0.6002	1	-1	0	0	-137	-63	952	0	0	0	1924	704	1469	570	0.7974	0.0142	0.0754	-0.5971	
737756.164612712	0	0	67	-118	11	-702	-215	317	0	0	0	2663	2994	1171	338	0.5504	0.2986	0.4541	-0.6324	1	-1	0	0	-138	-63	954	0	0	0	1879	719	1334	570	0.7996	0.0149	0.0775	-0.5939	
737756.164613109	0	0	52	-123	14	-761	-77	401	0	0	0	2483	2784	1321	335	0.5809	0.3168	0.4022	-0.631	1	0	-1	0	-138	-78	964	0	0	0	1759	749	1244	572	0.801	0.013	0.0812	-0.5915	
737756.164613661	0	0	33	-158	-10	-647	-177	613	0	0	0	2528	2589	1725	335	0.6141	0.2236	0.3424	-0.673	1	0	0	0	-137	-59	964	0	0	0	1789	659	1424	570	0.8001	0.0147	0.0725	-0.5939	
737756.164614196	0	0	43	-141	-1	-663	-105	815	0	0	0	2393	2484	2100	335	0.659	0.2067	0.2779	-0.6655	1	0	0	0	-137	-59	964	0	0	0	1789	659	1424	570	0.8001	0.0147	0.0725	-0.5939	
737756.16461462	0	0	32	-143	-10	-566	-173	843	0	0	0	2349	1961	2379	335	0.6689	0.1432	0.2593	-0.6796	1	0	0	0	-144	-53	957	0	0	0	1819	719	1364	566	0.7995	0.0189	0.077	-0.594	
737756.164615062	0	0	45	-134	-7	-524	-147	935	0	0	0	2454	1826	2604	335	0.6843	0.1241	0.2205	-0.6819	1	0	0	0	-144	-53	957	0	0	0	1819	719	1364	566	0.7995	0.0189	0.077	-0.594	
737756.164615597	0	0	51	-108	-3	-503	-92	1054	0	0	0	2349	1451	2978	335	0.7013	0.1193	0.176	-0.6791	1	-2	1	0	-135	-64	940	0	0	0	1804	704	1259	558	0.8019	0.0175	0.0767	-0.5908	
737756.164616324	0	0	41	-101	-1	-432	-127	1031	0	0	0	2244	1406	2933	335	0.7006	0.0961	0.1757	-0.6835	1	1	0	0	-145	-63	950	0	0	0	1804	793	1499	554	0.8004	0.018	0.0807	-0.5923	
737756.164616869	0	0	44	-102	-1	-335	-29	1069	0	0	0	2208	1051	3252	335	0.7042	0.091	0.1065	-0.6948	1	1	0	0	-145	-63	950	0	0	0	1804	793	1499	554	0.8004	0.018	0.0807	-0.5923	
737756.164617411	0	0	50	-65	4	-265	-50	1316	0	0	0	2058	751	3342	335	0.7042	0.0601	0.08	-0.7015	1	1	0	0	-145	-63	950	0	0	0	1804	793	1499	554	0.8004	0.018	0.0807	-0.5923	
737756.164617955	0	0	62	-130	12	-1050	78	2549	0	0	0	1864	616	3506	335	0.7011	0.0776	0.0852	-0.7018	1	1	0	0	-145	-63	950	0	0	0	1804	793	1499	554	0.8004	0.018	0.0807	-0.5923	
737756.164618489	0	0	-22	113	29	-446	-193	809	0	0	0	1998	601	3431	335	0.6976	0.0596	0.111	-0.7032	1	1	0	0	-145	-63	950	0	0	0	1804	793	1499	554	0.8004	0.018	0.0807	-0.5923	
737756.164619217	0	0	-22	113	29	-446	-193	809	0	0	0	1998	601	3431	335	0.6976	0.0596	0.111	-0.7032	1	1	0	0	-145	-63	950	0	0	0	1804	793	1499	554	0.8004	0.018	0.0807	-0.5923	
737756.164619761	0	0	-24	0	-11	-185	25	1370	0	0	0	1834	676	3506	335	0.6907	0.0701	0.0468	-0.7161	1	17	-32	0	-83	-9	1023	0	0	0	1654	793	1379	394	0.804	0.0338	0.0773	-0.5862	
737756.164620305	0	0	-24	0	-11	-185	25	1370	0	0	0	1834	676	3506	335	0.6907	0.0701	0.0468	-0.7161	1	17	-32	0	-83	-9	1023	0	0	0	1654	793	1379	394	0.804	0.0338	0.0773	-0.5862	
737756.16462085	0	0	-24	0	-11	-185	25	1370	0	0	0	1834	676	3506	335	0.6907	0.0701	0.0468	-0.7161	1	17	-32	0	-83	-9	1023	0	0	0	1654	793	1379	394	0.804	0.0338	0.0773	-0.5862	
737756.164621578	0	0	0	-3	0	-325	-40	936	0	0	0	1944	193	3476	335	0.6395	0.0995	0.0993	-0.7546	1	16	-12	0	-139	-10	959	0	0	0	1744	734	1349	393	0.7993	0.0259	0.0758	-0.5938	
737756.164622121	0	0	0	0	0	-325	2	1030	0	0	0	1989	178	3401	335	0.6229	0.1082	0.0807	-0.7694	1	0	0	0	-118	-23	972	0	0	0	1744	764	1469	393	0.8014	0.0311	0.0553	-0.5933	
737756.16462284	0	0	0	-4	1	-304	-10	984	0	0	0	1959	208	3461	335	0.5929	0.1101	0.0849	-0.7921	1	3	0	1	-144	-54	969	0	0	0	1774	883	1439	393	0.7986	0.0296	0.0777	-0.5945	
737756.164623234	0	0	-4	-1	0	-320	9	1029	0	0	0	1824	133	3446	335	0.5823	0.1168	0.0754	-0.7999	1	7	3	3	-116	8	911	0	0	0	1759	719	1334	395	0.8021	0.0324	0.0594	-0.5918	
737756.164623742	0	0	-6	-1	0	-319	2	1020	0	0	0	1959	208	3431	335	0.5733	0.1203	0.082	-0.8052	1	-8	7	0	-159	38	890	0	0	0	1684	913	1499	403	0.8051	0.0518	0.0631	-0.5854	
737756.164624285	0	0	-14	1	-1	-305	-30	1101	0	0	0	1839	358	3431	335	0.5659	0.1046	0.0927	-0.8114	1	-8	7	0	-159	38	890	0	0	0	1684	913	1499	403	0.8051	0.0518	0.0631	-0.5854	
737756.164624829	0	0	-25	20	4	-315	-58	1189	0	0	0	2049	208	3341	335	0.5656	0.0934	0.0978	-0.8125	1	-8	7	0	-159	38	890	0	0	0	1684	913	1499	403	0.8051	0.0518	0.0631	-0.5854	
737756.164625365	0	0	-31	36	7	-391	-79	1190	0	0	0	2019	238	3341	337	0.5635	0.1084	0.1155	-0.8097	1	-8	7	0	-159	38	890	0	0	0	1684	913	1499	403	0.8051	0.0518	0.0631	-0.5854	
737756.164625908	0	0	-40	48	6	-443	-60	1230	0	0	0	2139	418	3311	335	0.5626	0.1286	0.123	-0.8063	1	-8	7	0	-159	38	890	0	0	0	1684	913	1499	403	0.8051	0.0518	0.0631	-0.5854	
737756.164626325	0	0	-47	54	4	-446	-67	1239	0	0	0	2154	613	3206	335	0.5665	0.1321	0.1332	-0.8014	1	-8	7	0	-159	38	890	0	0	0	1684	913	1499	403	0.8051	0.0518	0.0631	-0.5854	
737756.164626971	0	0	-51	87	5	-452	-120	1202	0	0	0	2274	823	2996	335	0.5809	0.1275	0.1624	-0.7862	1	-8	7	0	-159	38	890	0	0	0	1684	913	1499	403	0.8051	0.0518	0.0631	-0.5854	
737756.164627515	0	0	-57	102	8	-472	-126	1133	0	0	0	2469	1018	2831	335	0.6029	0.1334	0.1807	-0.7644	1	-4	2	-3	-133	27	963	0	0	0	1804	704	1499	609	0.8068	0.0401	0.0441	-0.5863	
737756.164628058	0	0	-64	121	4	-535	-137	1077	0	0	0	2476	1454	2521	335	0.6394	0.1447	0.2152	-0.7224	1	-3	0	0	-117	-13	966	0	0	0	1759	808	1454	619	0.8087	0.0242	0.0604	-0.583	
737756.164628594	0	0	-69	147	6	-559	-166	908	0	0	0	2506	1724	2161	335	0.6561	0.1558	0.2602	-0.6895	1	-3	0	0	-117	-13	966	0	0	0	1759	808	1454	619	0.8087	0.0242	0.0604	-0.583	
737756.164629136	0	0	-47	161	8	-606	-157	718	0	0	0	2701	2039	1726	335	0.6588	0.1887	0.3216	-0.652	1	-3	1	0	-121	-45	954	0	0	0	1774	793	1439	609	0.8087	0.0176	0.0673	-0.5827	
737756.164629864	0	0	-58	162	0	-630	-167	335	0	0	0	2701	2369	1277	335	0.6283	0.2402	0.4278	-0.6021	1	1	0	0	-123	-67	975	0	0	0	1789	838	1304	603	0.8074	0.0127	0.0734	-0.5838	
737756.164630408	0	0	-44	147	-1	-641	-212	126	0	0	0	2795	2500	717	337	0.5831	0.2741	0.5123	-0.5661	1	-1	2	-1	-114	-41	966	0	0	0	1819	749	1394	600	0.808	0.0162	0.063	-0.5842	
737756.164630952	0	0	-40	144	0	-676	-201	81	0	0	0	2825	2500	448	335	0.5471	0.298	0.5608	-0.5437	1	-1	2	0	-128	-62	951	0	0	0	1969	838	1394	598	0.8099	0.0128	0.071	-0.5806	
737756.164631487	0	0	-68	102	-10	-723	-294	-66	0	0	0	2690	2545	103	337	0.4882	0.3231	0.6333	-0.5044	1	-1	1	-1	-134	-47	949	0	0	0	1924	793	1439	590	0.8063	0.0167	0.0715	-0.5855	
737756.164631911	0	0	-51	114	1	-735	-310	-162	0	0	0	2750	2485	-226	337	0.4631	0.3263	0.6586	-0.4934	1	-1	1	-1	-134	-47	949	0	0	0	1924	793	1439	590	0.8063	0.0167	0.0715	-0.5855	
737756.16463239	0	0	-26	111	6	-804	-285	-220	0	0	0	2690	2515	-406	337	0.4425	0.3406	0.6778	-0.4765	1	-1	1	-1	-134	-47	949	0	0	0	1924	793	1439	590	0.8063	0.0167	0.0715	-0.5855	
737756.164633118	0	0	-26	111	6	-804	-285	-220	0	0	0	2690	2515	-406	337	0.4425	0.3406	0.6778	-0.4765	1	-2	2	-1	-135	-55	953	0	0	0	1789	719	1454	575	0.8023	0.0174	0.0733	-0.5907	
737756.164633662	0	0	-26	111	6	-804	-285	-220	0	0	0	2690	2515	-406	337	0.4425	0.3406	0.6778	-0.4765	1	0	-1	0	-148	-65	950	0	0	0	1864	853	1469	572	0.8027	0.0191	0.0829	-0.5889	
737756.164634198	0	0	-26	111	6	-804	-285	-220	0	0	0	2690	2515	-406	337	0.4425	0.3406	0.6778	-0.4765	1	-2	-2	1	-128	-51	953	0	0	0	1849	719	1334	572	0.8011	0.0168	0.0729	-0.5924	
737756.164634614	0	0	-26	111	6	-804	-285	-220	0	0	0	2690	2515	-406	337	0.4425	0.3406	0.6778	-0.4765	1	-2	0	0	-126	-61	973	0	0	0	1759	749	1394	571	0.8025	0.0157	0.0711	-0.5908	
737756.16463513	0	0	-12	29	8	-730	-251	-715	0	0	0	2570	2185	-1574	340	0.3224	0.4097	0.77	-0.3654	1	-1	0	0	-133	-63	952	0	0	0	1849	808	1334	570	0.8044	0.0159	0.077	-0.5875	
737756.164635666	0	0	-12	29	8	-730	-251	-715	0	0	0	2570	2185	-1574	340	0.3224	0.4097	0.77	-0.3654	1	0	0	-1	-134	-73	955	0	0	0	1804	853	1409	571	0.8079	0.0151	0.0798	-0.5823	
737756.164636392	0	0	-12	29	8	-730	-251	-715	0	0	0	2570	2185	-1574	340	0.3224	0.4097	0.77	-0.3654	1	0	0	0	-137	-50	952	0	0	0	1774	764	1409	572	0.8069	0.019	0.0737	-0.5843	
737756.164636936	0	0	-12	29	8	-730	-251	-715	0	0	0	2570	2185	-1574	340	0.3224	0.4097	0.77	-0.3654	1	0	0	0	-136	-63	969	0	0	0	1804	584	1349	570	0.8038	0.0139	0.0716	-0.589	
737756.16463748	0	0	-12	29	8	-730	-251	-715	0	0	0	2570	2185	-1574	340	0.3224	0.4097	0.77	-0.3654	1	0	0	0	-137	-64	959	0	0	0	1849	749	1334	568	0.8036	0.0163	0.0741	-0.5889	
737756.164637897	0	0	-12	29	8	-730	-251	-715	0	0	0	2570	2185	-1574	340	0.3224	0.4097	0.77	-0.3654	1	-1	0	0	-144	-62	951	0	0	0	1939	928	1394	563	0.8073	0.0206	0.0815	-0.5826	
737756.164638397	0	0	-12	29	8	-730	-251	-715	0	0	0	2570	2185	-1574	340	0.3224	0.4097	0.77	-0.3654	1	-1	0	0	-146	-56	951	0	0	0	1849	749	1394	565	0.806	0.019	0.079	-0.5849	
737756.164638945	0	0	85	-131	15	-684	-221	-220	0	0	0	2720	2515	-615	339	0.3507	0.4628	0.653	-0.484	1	0	0	0	-136	-60	951	0	0	0	1819	689	1304	565	0.8012	0.0131	0.0733	-0.5924	
737756.164639668	0	0	86	-134	17	-721	-223	25	0	0	0	2720	2635	194	338	0.4135	0.427	0.5421	-0.5925	1	0	1	-1	-141	-53	963	0	0	0	1864	734	1349	561	0.801	0.019	0.0743	-0.5924	
737756.164640212	0	0	90	-142	21	-758	-146	260	0	0	0	2660	2605	703	338	0.4706	0.4009	0.4459	-0.6446	1	0	0	0	-146	-65	952	0	0	0	1864	793	1349	560	0.8002	0.0185	0.0806	-0.5927	
737756.164640748	0	0	52	-140	13	-757	-143	411	0	0	0	2540	2573	1062	335	0.5247	0.3496	0.391	-0.6691	1	2	-2	0	-142	-64	962	0	0	0	1864	764	1259	557	0.801	0.0175	0.0799	-0.5916	
737756.16464129	0	0	72	-139	13	-742	-152	627	0	0	0	2510	2303	1482	335	0.5585	0.2923	0.3412	-0.6947	1	-1	0	-1	-144	-48	955	0	0	0	1834	853	1379	555	0.8046	0.026	0.075	-0.587	
737756.164642018	0	0	24	-139	7	-733	-118	688	0	0	0	2345	2288	1826	335	0.6086	0.2588	0.3109	-0.6811	1	0	0	-1	-145	-57	963	0	0	0	1894	793	1289	550	0.8056	0.0219	0.0761	-0.5857	
737756.164642562	0	0	54	-104	20	-633	-89	564	0	0	0	2420	2093	2231	335	0.6188	0.2281	0.2952	-0.6898	1	0	0	-1	-145	-57	963	0	0	0	1894	793	1289	550	0.8056	0.0219	0.0761	-0.5857	
737756.164643098	0	0	37	-150	5	-545	-34	858	0	0	0	2182	1735	2497	335	0.6421	0.1984	0.2045	-0.7092	1	-2	0	0	-145	-70	959	0	0	0	1759	689	1334	542	0.8032	0.0154	0.0802	-0.5887	
737756.164643522	0	0	23	-146	0	-490	-57	886	0	0	0	2227	1480	2841	335	0.6585	0.1572	0.1832	-0.7115	1	1	0	0	-140	-59	948	0	0	0	1984	764	1439	542	0.8018	0.0161	0.0774	-0.5909	
737756.164643987	0	0	72	-131	8	-438	-36	1015	0	0	0	2062	1226	3006	335	0.67	0.1358	0.1411	-0.7148	1	2	-1	0	-140	-56	954	0	0	0	1894	793	1379	542	0.8024	0.0186	0.077	-0.5901	
737756.16464453	0	0	9	-123	4	-382	-47	1177	0	0	0	2092	866	3156	335	0.6757	0.0987	0.1088	-0.7206	1	2	-1	0	-140	-56	954	0	0	0	1894	793	1379	542	0.8024	0.0186	0.077	-0.5901	
737756.164645074	0	0	83	-114	23	-341	36	1245	0	0	0	1987	551	3501	335	0.6705	0.098	0.063	-0.7312	1	2	-1	0	-140	-56	954	0	0	0	1894	793	1379	542	0.8024	0.0186	0.077	-0.5901	
737756.164645618	0	0	-24	-150	-20	411	681	2778	0	0	0	1756	126	3363	338	0.67	0.086	0.0263	-0.7345	1	-5	-1	0	-142	-47	961	0	0	0	1849	719	1394	515	0.8037	0.0231	0.0754	-0.5883	
737756.164646164	0	0	6	190	38	-636	-251	772	0	0	0	1890	201	3468	335	0.6665	0.0916	0.0823	-0.7332	1	-5	-1	0	-142	-47	961	0	0	0	1849	719	1394	515	0.8037	0.0231	0.0754	-0.5883	
737756.164646695	0	0	20	-56	20	-256	64	578	0	0	0	1890	411	3528	339	0.6548	0.1564	0.0987	-0.731	1	-5	-1	0	-142	-47	961	0	0	0	1849	719	1394	515	0.8037	0.0231	0.0754	-0.5883	
737756.164647423	0	0	-53	-12	-27	-188	182	1513	0	0	0	1666	366	3513	338	0.6564	0.0985	0.0017	-0.7461	1	4	-37	-5	-187	166	953	0	0	0	1624	764	1349	394	0.8013	0.0774	0.0711	-0.5867	
737756.164647967	0	0	2	23	6	-390	-44	677	0	0	0	1756	336	3543	335	0.649	0.1141	0.0797	-0.7461	1	-16	10	-1	32	-95	1065	0	0	0	1744	734	1559	396	0.8006	0.0296	0.053	-0.5936	
737756.16464851	0	0	2	23	6	-390	-44	677	0	0	0	1756	336	3543	335	0.649	0.1141	0.0797	-0.7461	1	-16	10	-1	32	-95	1065	0	0	0	1744	734	1559	396	0.8006	0.0296	0.053	-0.5936	
737756.164649229	0	0	2	23	6	-390	-44	677	0	0	0	1756	336	3543	335	0.649	0.1141	0.0797	-0.7461	1	-16	10	-1	32	-95	1065	0	0	0	1744	734	1559	396	0.8006	0.0296	0.053	-0.5936	
737756.164649793	0	0	2	23	6	-390	-44	677	0	0	0	1756	336	3543	335	0.649	0.1141	0.0797	-0.7461	1	-16	10	-1	32	-95	1065	0	0	0	1744	734	1559	396	0.8006	0.0296	0.053	-0.5936	
737756.164650329	0	0	2	23	6	-390	-44	677	0	0	0	1756	336	3543	335	0.649	0.1141	0.0797	-0.7461	1	-16	10	-1	32	-95	1065	0	0	0	1744	734	1559	396	0.8006	0.0296	0.053	-0.5936	
737756.164651056	0	0	-13	1	-3	-346	47	1076	0	0	0	1890	381	3288	335	0.5916	0.1353	0.0748	-0.7902	1	-16	10	-1	32	-95	1065	0	0	0	1744	734	1559	396	0.8006	0.0296	0.053	-0.5936	
737756.1646516	0	0	-20	18	0	-338	-2	1235	0	0	0	1950	381	3378	338	0.5917	0.1077	0.0841	-0.7935	1	-16	10	-1	32	-95	1065	0	0	0	1744	734	1559	396	0.8006	0.0296	0.053	-0.5936	
737756.164652144	0	0	-34	43	5	-393	-49	1302	0	0	0	1920	501	3348	338	0.5945	0.1089	0.1093	-0.788	1	-16	10	-1	32	-95	1065	0	0	0	1744	734	1559	396	0.8006	0.0296	0.053	-0.5936	
737756.164652679	0	0	-47	59	6	-469	-42	1304	0	0	0	1935	606	3183	338	0.5953	0.1294	0.1239	-0.7822	1	-16	10	-1	32	-95	1065	0	0	0	1744	734	1559	396	0.8006	0.0296	0.053	-0.5936	
737756.164653406	0	0	-52	90	5	-500	-52	1230	0	0	0	2295	966	2913	337	0.609	0.1493	0.1534	-0.7625	1	5	-14	-1	-40	-16	1001	0	0	0	1804	644	1469	560	0.7956	0.0258	0.0314	-0.6028	
737756.16465395	0	0	-74	108	3	-494	-63	1181	0	0	0	2220	1310	2809	337	0.645	0.1413	0.1664	-0.7308	1	3	-2	0	-134	62	957	0	0	0	1699	629	1454	583	0.8012	0.0139	0.041	-0.5947	
737756.164654495	0	0	-72	124	4	-495	-84	1058	0	0	0	2520	1490	2569	338	0.6734	0.1433	0.1975	-0.6965	1	-2	1	2	-164	12	963	0	0	0	1729	569	1454	588	0.803	0.0126	0.0534	-0.5916	
737756.16465503	0	0	-70	144	2	-550	-107	917	0	0	0	2524	1846	2115	335	0.6856	0.1636	0.245	-0.6641	1	-2	1	2	-164	12	963	0	0	0	1729	569	1454	588	0.803	0.0126	0.0534	-0.5916	
737756.164655528	0	0	-73	148	0	-579	-113	747	0	0	0	2599	2101	1830	335	0.6895	0.1841	0.2994	-0.6319	1	-2	0	-2	-121	-30	968	0	0	0	1714	674	1529	600	0.7996	0.0192	0.062	-0.5956	
737756.164656071	0	0	-63	159	0	-581	-134	599	0	0	0	2599	2191	1561	335	0.688	0.1903	0.3486	-0.606	1	-4	1	0	-120	-38	958	0	0	0	1759	629	1484	600	0.7981	0.0183	0.0609	-0.5978	
737756.164656798	0	0	-53	158	-4	-616	-169	181	0	0	0	2641	2583	873	337	0.6373	0.2426	0.4729	-0.5562	1	-1	2	-1	-134	-67	958	0	0	0	1819	599	1484	596	0.7967	0.0127	0.0699	-0.5988	
737756.164657342	0	0	-54	144	0	-618	-229	-126	0	0	0	2881	2403	333	338	0.5804	0.2717	0.5662	-0.5163	1	-1	2	-1	-130	-65	964	0	0	0	1834	704	1379	591	0.7991	0.0149	0.0729	-0.5951	
737756.164657886	0	0	-35	136	4	-667	-253	-216	0	0	0	2776	2658	138	339	0.5489	0.2867	0.607	-0.496	1	0	1	-1	-134	-65	960	0	0	0	1669	629	1454	590	0.7978	0.0132	0.0734	-0.5969	
737756.164658277	0	0	-18	105	-1	-778	-239	-130	0	0	0	2716	2598	-130	335	0.5079	0.3112	0.6469	-0.4743	1	1	1	0	-127	-51	959	0	0	0	1744	764	1439	581	0.8006	0.0202	0.0708	-0.5933	
737756.164658826	0	0	-39	94	-7	-787	-284	-225	0	0	0	2627	2568	-430	335	0.4739	0.3253	0.677	-0.4577	1	1	1	0	-127	-51	959	0	0	0	1744	764	1439	581	0.8006	0.0202	0.0708	-0.5933	
737756.164659553	0	0	-39	94	-7	-787	-284	-225	0	0	0	2627	2568	-430	335	0.4739	0.3253	0.677	-0.4577	1	0	-1	0	-152	-57	948	0	0	0	1864	704	1559	573	0.7947	0.0189	0.0776	-0.6003	
737756.164660097	0	0	-39	94	-7	-787	-284	-225	0	0	0	2627	2568	-430	335	0.4739	0.3253	0.677	-0.4577	1	0	0	-1	-140	-53	966	0	0	0	1789	749	1454	571	0.7965	0.0232	0.0754	-0.5981	
737756.16466064	0	0	-39	94	-7	-787	-284	-225	0	0	0	2627	2568	-430	335	0.4739	0.3253	0.677	-0.4577	1	-1	0	0	-139	-47	962	0	0	0	1834	734	1409	572	0.7979	0.0234	0.0729	-0.5966	
737756.164661027	0	0	-39	94	-7	-787	-284	-225	0	0	0	2627	2568	-430	335	0.4739	0.3253	0.677	-0.4577	1	-1	0	0	-142	-61	955	0	0	0	1849	749	1364	571	0.7988	0.0216	0.0761	-0.5949	
737756.164661497	0	0	-39	94	-7	-787	-284	-225	0	0	0	2627	2568	-430	335	0.4739	0.3253	0.677	-0.4577	1	0	0	0	-133	-50	956	0	0	0	1804	674	1409	570	0.7978	0.0176	0.0726	-0.5969	
737756.164662041	0	0	-39	94	-7	-787	-284	-225	0	0	0	2627	2568	-430	335	0.4739	0.3253	0.677	-0.4577	1	-3	0	0	-135	-40	953	0	0	0	1684	764	1409	567	0.799	0.0256	0.0724	-0.595	
737756.164662584	0	0	-39	94	-7	-787	-284	-225	0	0	0	2627	2568	-430	335	0.4739	0.3253	0.677	-0.4577	1	2	-1	0	-146	-53	958	0	0	0	1789	778	1334	568	0.8	0.0221	0.0801	-0.5928	
737756.16466312	0	0	-39	94	-7	-787	-284	-225	0	0	0	2627	2568	-430	335	0.4739	0.3253	0.677	-0.4577	1	0	0	0	-147	-56	967	0	0	0	1789	749	1334	565	0.7979	0.024	0.0756	-0.5962	
737756.164663663	0	0	-39	94	-7	-787	-284	-225	0	0	0	2627	2568	-430	335	0.4739	0.3253	0.677	-0.4577	1	-1	0	0	-141	-46	954	0	0	0	1864	734	1409	563	0.7973	0.0238	0.0733	-0.5973	
737756.164664392	0	0	-39	94	-7	-787	-284	-225	0	0	0	2627	2568	-430	335	0.4739	0.3253	0.677	-0.4577	1	0	-1	0	-146	-56	951	0	0	0	1954	764	1409	564	0.7961	0.0215	0.0772	-0.5985	
737756.164664934	0	0	-39	94	-7	-787	-284	-225	0	0	0	2627	2568	-430	335	0.4739	0.3253	0.677	-0.4577	1	0	0	0	-136	-50	951	0	0	0	1729	808	1484	562	0.7978	0.0251	0.0765	-0.596	
737756.164665477	0	0	-39	94	-7	-787	-284	-225	0	0	0	2627	2568	-430	335	0.4739	0.3253	0.677	-0.4577	1	0	0	0	-147	-51	956	0	0	0	1639	749	1424	559	0.8016	0.0263	0.0781	-0.5907	
737756.164666013	0	0	-39	94	-7	-787	-284	-225	0	0	0	2627	2568	-430	335	0.4739	0.3253	0.677	-0.4577	1	-1	-1	0	-145	-54	958	0	0	0	1864	704	1409	558	0.7987	0.0217	0.0752	-0.5952	
737756.16466674	0	0	7	-43	-1	-801	-306	-434	0	0	0	2537	2356	-1294	337	0.3599	0.4186	0.7189	-0.4204	1	0	-1	0	-145	-55	962	0	0	0	1834	823	1409	558	0.8012	0.0235	0.0783	-0.5914	
737756.164667308	0	0	7	-43	-1	-801	-306	-434	0	0	0	2537	2356	-1294	337	0.3599	0.4186	0.7189	-0.4204	1	-2	-1	0	-145	-38	951	0	0	0	1834	823	1439	559	0.8028	0.0291	0.0751	-0.5894	
737756.164667851	0	0	7	-43	-1	-801	-306	-434	0	0	0	2537	2356	-1294	337	0.3599	0.4186	0.7189	-0.4204	1	0	0	0	-143	-56	952	0	0	0	1774	734	1439	558	0.7996	0.0209	0.0754	-0.594	
737756.164668395	0	0	71	-103	12	-648	-230	-429	0	0	0	2702	2551	-559	335	0.3504	0.4491	0.698	-0.432	1	0	0	0	-142	-44	956	0	0	0	1894	823	1379	558	0.8032	0.0269	0.0764	-0.5888	
737756.164668939	0	0	72	-121	16	-643	-185	-320	0	0	0	2747	2536	-304	335	0.3596	0.4615	0.6709	-0.4535	1	0	0	0	-143	-50	957	0	0	0	1804	734	1469	556	0.8017	0.0221	0.0749	-0.5912	
737756.164669379	0	0	56	-159	5	-616	-226	-269	0	0	0	2672	2761	-49	338	0.3684	0.4655	0.6405	-0.4854	1	0	0	0	-154	-41	955	0	0	0	1834	764	1469	555	0.8015	0.026	0.076	-0.5911	
737756.164669796	0	0	77	-178	17	-578	-93	89	0	0	0	2627	2476	684	335	0.4185	0.4407	0.5346	-0.5842	1	-1	0	-1	-146	-62	960	0	0	0	1714	793	1349	554	0.8027	0.0224	0.08	-0.5891	
737756.16467034	0	0	66	-216	1	-514	-137	81	0	0	0	2569	2443	1088	338	0.4556	0.4123	0.4647	-0.6361	1	0	-1	0	-144	-52	962	0	0	0	1774	674	1499	551	0.7987	0.019	0.0748	-0.5954	
737756.164670884	0	0	117	-247	8	-433	74	759	0	0	0	2509	2263	1897	335	0.4914	0.3634	0.363	-0.7008	1	0	-1	0	-144	-52	962	0	0	0	1774	674	1499	551	0.7987	0.019	0.0748	-0.5954	
737756.164671428	0	0	88	-206	0	-273	-18	1152	0	0	0	2404	1705	2427	335	0.5219	0.2923	0.2776	-0.7494	1	0	-1	0	-144	-52	962	0	0	0	1774	674	1499	551	0.7987	0.019	0.0748	-0.5954	
737756.164671972	0	0	108	-194	7	-364	0	1287	0	0	0	2299	1480	2622	335	0.5289	0.2715	0.2459	-0.7632	1	0	-1	0	-144	-52	962	0	0	0	1774	674	1499	551	0.7987	0.019	0.0748	-0.5954	
737756.164672508	0	0	108	-194	7	-364	0	1287	0	0	0	2299	1480	2622	335	0.5289	0.2715	0.2459	-0.7632	1	0	-1	0	-144	-52	962	0	0	0	1774	674	1499	551	0.7987	0.019	0.0748	-0.5954	
737756.164673073	0	0	17	-100	13	-359	75	1334	0	0	0	1969	551	3371	335	0.5793	0.1241	0.0605	-0.8021	1	0	-1	0	-144	-52	962	0	0	0	1774	674	1499	551	0.7987	0.019	0.0748	-0.5954	
737756.164673616	0	0	37	-38	19	-333	59	1264	0	0	0	1899	309	3377	335	0.5876	0.117	0.0562	-0.7974	1	0	-1	0	-144	-52	962	0	0	0	1774	674	1499	551	0.7987	0.019	0.0748	-0.5954	
737756.164674159	0	0	-26	-116	-4	-582	452	2656	0	0	0	1719	189	3347	339	0.5891	0.125	0.0202	-0.7964	1	0	-1	0	-144	-52	962	0	0	0	1774	674	1499	551	0.7987	0.019	0.0748	-0.5954	
737756.164674703	0	0	-23	132	5	-315	-144	1211	0	0	0	1839	69	3527	339	0.5909	0.1067	0.0353	-0.7969	1	0	-1	0	-144	-52	962	0	0	0	1774	674	1499	551	0.7987	0.019	0.0748	-0.5954	
737756.164675247	0	0	5	9	-2	-334	79	418	0	0	0	1764	474	3422	338	0.5851	0.176	0.0825	-0.7856	1	0	-1	0	-144	-52	962	0	0	0	1774	674	1499	551	0.7987	0.019	0.0748	-0.5954	
737756.164675791	0	0	-15	-96	-7	-438	179	1395	0	0	0	1704	354	3512	335	0.5823	0.1568	0.0385	-0.7951	1	0	-1	0	-144	-52	962	0	0	0	1774	674	1499	551	0.7987	0.019	0.0748	-0.5954	
737756.164676328	0	0	6	52	0	-198	-155	930	0	0	0	1914	114	3362	338	0.5811	0.0911	0.0614	-0.8044	1	1	11	-3	-79	10	987	0	0	0	1714	644	1409	394	0.7984	0.0223	0.0446	-0.5984	
737756.16467687	0	0	6	3	6	-339	-44	777	0	0	0	1764	234	3512	335	0.5763	0.1145	0.1005	-0.8014	1	-10	-1	-3	-123	-59	994	0	0	0	1759	689	1334	394	0.7965	0.0197	0.0718	-0.5985	
737756.164677597	0	0	-3	2	0	-335	22	923	0	0	0	1794	264	3362	338	0.569	0.1471	0.0793	-0.804	1	10	-1	2	-161	-14	934	0	0	0	1699	778	1424	393	0.7997	0.0351	0.0741	-0.5931	
737756.164678141	0	0	-4	-5	0	-319	33	1010	0	0	0	1779	159	3377	338	0.5609	0.1301	0.0685	-0.8135	1	3	-6	1	-129	-2	959	0	0	0	1759	659	1514	393	0.7991	0.0377	0.0586	-0.5957	
737756.164678664	0	0	-2	2	1	-312	31	1000	0	0	0	1794	264	3482	338	0.5588	0.1325	0.0728	-0.8144	1	3	-6	1	-129	-2	959	0	0	0	1759	659	1514	393	0.7991	0.0377	0.0586	-0.5957	
737756.164679391	0	0	-2	-2	1	-317	31	1005	0	0	0	1914	114	3452	338	0.55	0.1327	0.0689	-0.8206	1	3	-6	1	-129	-2	959	0	0	0	1759	659	1514	393	0.7991	0.0377	0.0586	-0.5957	
737756.164679935	0	0	-2	0	0	-327	35	971	0	0	0	1839	249	3497	338	0.5513	0.1417	0.0728	-0.8179	1	3	-6	1	-129	-2	959	0	0	0	1759	659	1514	393	0.7991	0.0377	0.0586	-0.5957	
737756.164680479	0	0	-5	-4	0	-323	20	983	0	0	0	1854	324	3422	337	0.5499	0.1375	0.0815	-0.8187	1	3	-6	1	-129	-2	959	0	0	0	1759	659	1514	393	0.7991	0.0377	0.0586	-0.5957	
737756.164681014	0	0	1	5	3	-304	1	1024	0	0	0	1809	279	3437	338	0.5492	0.1224	0.0818	-0.8216	1	3	-6	1	-129	-2	959	0	0	0	1759	659	1514	393	0.7991	0.0377	0.0586	-0.5957	
737756.164681407	0	0	-5	7	4	-318	33	964	0	0	0	1809	189	3467	338	0.5497	0.1383	0.0712	-0.8197	1	3	-6	1	-129	-2	959	0	0	0	1759	659	1514	393	0.7991	0.0377	0.0586	-0.5957	
737756.16468196	0	0	-5	4	2	-324	37	989	0	0	0	1839	309	3407	335	0.5498	0.1413	0.0737	-0.8189	1	3	-6	1	-129	-2	959	0	0	0	1759	659	1514	393	0.7991	0.0377	0.0586	-0.5957	
737756.164682504	0	0	-5	11	4	-324	25	1107	0	0	0	1839	249	3437	335	0.5503	0.1252	0.0711	-0.8214	1	3	-6	1	-129	-2	959	0	0	0	1759	659	1514	393	0.7991	0.0377	0.0586	-0.5957	
737756.164683039	0	0	-31	15	3	-354	12	1214	0	0	0	1944	384	3392	335	0.5644	0.1207	0.0829	-0.8113	1	3	-6	1	-129	-2	959	0	0	0	1759	659	1514	393	0.7991	0.0377	0.0586	-0.5957	
737756.164683582	0	0	-36	41	9	-414	-11	1339	0	0	0	1929	519	3437	335	0.5788	0.1235	0.0993	-0.7989	1	3	-6	1	-129	-2	959	0	0	0	1759	659	1514	393	0.7991	0.0377	0.0586	-0.5957	
737756.164684006	0	0	-50	56	6	-461	-25	1371	0	0	0	2064	593	3153	337	0.5862	0.128	0.1123	-0.7909	1	3	-6	1	-129	-2	959	0	0	0	1759	659	1514	393	0.7991	0.0377	0.0586	-0.5957	
737756.164684417	0	0	-50	64	7	-479	-31	1389	0	0	0	2139	668	3347	337	0.5898	0.1317	0.1192	-0.7867	1	3	-6	1	-129	-2	959	0	0	0	1759	659	1514	393	0.7991	0.0377	0.0586	-0.5957	
737756.164684866	0	0	-55	74	8	-489	-28	1399	0	0	0	2139	668	3168	335	0.5942	0.1331	0.1204	-0.7829	1	3	-6	1	-129	-2	959	0	0	0	1759	659	1514	393	0.7991	0.0377	0.0586	-0.5957	
737756.164685594	0	0	-71	137	2	-481	-67	1136	0	0	0	2229	1388	2718	335	0.6399	0.146	0.1736	-0.7321	1	-4	3	-1	-141	-76	950	0	0	0	1834	674	1379	595	0.7938	0.0145	0.0771	-0.6017	
737756.164686138	0	0	-63	157	1	-492	-61	865	0	0	0	2418	1633	2229	335	0.6672	0.179	0.2253	-0.6856	1	1	0	1	-143	-69	950	0	0	0	1834	734	1319	590	0.7946	0.0158	0.082	-0.6	
737756.164686681	0	0	-70	153	-2	-533	-62	737	0	0	0	2283	1918	2124	335	0.6832	0.1965	0.2653	-0.6499	1	1	0	1	-143	-69	950	0	0	0	1834	734	1319	590	0.7946	0.0158	0.082	-0.6	
737756.164687216	0	0	-64	160	-6	-584	-105	481	0	0	0	2523	2247	1345	335	0.6698	0.2294	0.3633	-0.6041	1	0	1	-1	-142	-62	951	0	0	0	1849	689	1304	570	0.797	0.0186	0.0756	-0.5976	
737756.164687944	0	0	-54	155	-9	-658	-143	280	0	0	0	2557	2535	959	335	0.631	0.2618	0.4534	-0.5709	1	0	1	0	-146	-69	956	0	0	0	1714	823	1319	566	0.8003	0.0217	0.0827	-0.592	
737756.164688488	0	0	-54	155	-9	-658	-143	280	0	0	0	2557	2535	959	335	0.631	0.2618	0.4534	-0.5709	1	0	1	0	-146	-69	956	0	0	0	1714	823	1319	566	0.8003	0.0217	0.0827	-0.592	
737756.164689032	0	0	-54	155	-9	-658	-143	280	0	0	0	2557	2535	959	335	0.631	0.2618	0.4534	-0.5709	1	0	1	0	-146	-69	956	0	0	0	1714	823	1319	566	0.8003	0.0217	0.0827	-0.592	
737756.164689567	0	0	-60	107	-12	-713	-271	-298	0	0	0	2841	2610	-285	338	0.4909	0.3239	0.6559	-0.4711	1	-1	0	0	-144	-56	951	0	0	0	1804	614	1289	553	0.7987	0.0199	0.075	-0.5953	
737756.164689958	0	0	-63	101	-13	-701	-282	-333	0	0	0	2790	2587	-410	338	0.4763	0.3272	0.672	-0.461	1	-1	0	0	-147	-47	951	0	0	0	1804	764	1319	553	0.7997	0.0239	0.0768	-0.5935	
737756.16469064	0	0	-63	101	-13	-701	-282	-333	0	0	0	2790	2587	-410	338	0.4763	0.3272	0.672	-0.461	1	-1	0	0	-147	-47	951	0	0	0	1804	764	1319	553	0.7997	0.0239	0.0768	-0.5935	
737756.164691184	0	0	-63	101	-13	-701	-282	-333	0	0	0	2790	2587	-410	338	0.4763	0.3272	0.672	-0.461	1	0	-1	0	-145	-54	956	0	0	0	1774	614	1319	552	0.7958	0.0175	0.076	-0.5991	
737756.164691728	0	0	-63	101	-13	-701	-282	-333	0	0	0	2790	2587	-410	338	0.4763	0.3272	0.672	-0.461	1	-1	0	0	-145	-49	952	0	0	0	1819	719	1454	550	0.7942	0.0219	0.0758	-0.6011	
737756.164692273	0	0	-63	101	-13	-701	-282	-333	0	0	0	2790	2587	-410	338	0.4763	0.3272	0.672	-0.461	1	-3	0	0	-152	-54	959	0	0	0	1729	808	1334	552	0.7973	0.0281	0.0814	-0.5959	
737756.164692806	0	0	-7	1	4	-873	-288	-420	0	0	0	2655	2363	-1204	338	0.3727	0.3867	0.7354	-0.4112	1	0	-1	0	-147	-47	959	0	0	0	1834	764	1289	554	0.7974	0.0243	0.0781	-0.5964	
737756.164693533	0	0	-3	-1	-1	-901	-303	-246	0	0	0	2670	2348	-1249	338	0.4078	0.3905	0.696	-0.4417	1	-2	0	0	-146	-69	955	0	0	0	1744	554	1379	556	0.7925	0.0138	0.0765	-0.6035	
737756.164694077	0	0	-3	-1	-1	-901	-303	-246	0	0	0	2670	2348	-1249	338	0.4078	0.3905	0.696	-0.4417	1	0	0	0	-147	-53	955	0	0	0	1789	689	1364	558	0.7958	0.0228	0.0794	-0.5985	
737756.164694621	0	0	-1	8	0	-878	-323	-266	0	0	0	2595	2333	-1204	338	0.4073	0.3885	0.6936	-0.4477	1	-2	0	0	-152	-53	956	0	0	0	1924	734	1289	560	0.7948	0.0248	0.0788	-0.5998	
737756.164695157	0	0	-1	8	0	-878	-323	-266	0	0	0	2595	2333	-1204	338	0.4073	0.3885	0.6936	-0.4477	1	-1	0	0	-148	-58	951	0	0	0	1819	749	1334	559	0.7948	0.0232	0.08	-0.5997	
737756.164695582	0	0	-1	8	0	-878	-323	-266	0	0	0	2595	2333	-1204	338	0.4073	0.3885	0.6936	-0.4477	1	0	-1	0	-139	-55	949	0	0	0	1819	778	1364	558	0.7961	0.0228	0.0788	-0.5981	
737756.164696047	0	0	7	-21	3	-800	-271	-528	0	0	0	2790	2468	-1189	338	0.3638	0.414	0.7243	-0.4122	1	-3	0	0	-141	-59	958	0	0	0	1864	793	1319	559	0.8009	0.0229	0.0781	-0.5919	
737756.164696774	0	0	26	-48	11	-759	-317	-542	0	0	0	2670	2348	-1129	338	0.3413	0.4216	0.7304	-0.413	1	-2	0	0	-152	-53	951	0	0	0	1789	749	1304	560	0.802	0.0246	0.0801	-0.59	
737756.164697318	0	0	39	-62	14	-775	-277	-413	0	0	0	2685	2513	-1024	338	0.3459	0.4265	0.718	-0.4256	1	-2	0	0	-152	-53	951	0	0	0	1789	749	1304	560	0.802	0.0246	0.0801	-0.59	
737756.164697861	0	0	46	-66	18	-741	-263	-471	0	0	0	2685	2602	-605	339	0.3588	0.4396	0.69	-0.4473	1	0	-1	0	-147	-45	959	0	0	0	1789	838	1364	556	0.7989	0.0275	0.0797	-0.594	
737756.164698397	0	0	61	-100	19	-736	-178	-364	0	0	0	2670	2647	-260	339	0.3647	0.4624	0.667	-0.4543	1	0	-1	0	-147	-45	959	0	0	0	1789	838	1364	556	0.7989	0.0275	0.0797	-0.594	
737756.164698939	0	0	41	-126	13	-731	-176	-151	0	0	0	2715	2752	-65	338	0.3987	0.4613	0.618	-0.4929	1	0	-1	0	-151	-63	949	0	0	0	1789	838	1334	555	0.8013	0.0233	0.0856	-0.5902	
737756.164699667	0	0	68	-128	17	-716	-133	41	0	0	0	2475	2662	624	337	0.4593	0.4376	0.5055	-0.5832	1	-1	0	0	-158	-52	953	0	0	0	1834	764	1379	550	0.8001	0.0237	0.082	-0.5923	
737756.164700211	0	0	48	-158	9	-674	-79	284	0	0	0	2565	2632	1103	337	0.5203	0.3885	0.3937	-0.6486	1	0	-1	0	-156	-51	957	0	0	0	1894	764	1439	536	0.801	0.0225	0.0798	-0.5915	
737756.164700754	0	0	75	-150	15	-587	-85	221	0	0	0	2444	2423	1558	335	0.5281	0.3685	0.3827	-0.6611	1	-2	-1	0	-149	-55	954	0	0	0	1804	704	1199	536	0.7982	0.0235	0.0794	-0.5953	
737756.16470129	0	0	24	-218	-9	-518	11	769	0	0	0	2280	2168	2053	335	0.574	0.3148	0.2663	-0.7049	1	-2	-1	0	-150	-55	956	0	0	0	1729	704	1349	537	0.7978	0.0229	0.0793	-0.5958	
737756.16470182	0	0	81	-193	-10	-436	-82	1043	0	0	0	2280	1688	2412	338	0.5929	0.2276	0.1965	-0.7446	1	-1	0	-1	-150	-54	962	0	0	0	1789	749	1274	533	0.7987	0.0233	0.0799	-0.5946	
737756.164702355	0	0	37	-169	-4	-461	-79	1395	0	0	0	2207	1201	2745	335	0.615	0.1334	0.1308	-0.7638	1	0	1	-1	-150	-60	958	0	0	0	1804	734	1439	527	0.7956	0.0206	0.0807	-0.5987	
737756.164703082	0	0	61	-107	7	-407	-107	1418	0	0	0	2222	947	3000	335	0.6312	0.094	0.1229	-0.7586	1	0	1	-1	-150	-55	955	0	0	0	1774	734	1349	520	0.7974	0.0228	0.0818	-0.5961	
737756.164703626	0	0	31	-57	15	-458	-10	1257	0	0	0	2072	527	3180	335	0.6382	0.1223	0.101	-0.7522	1	0	1	-1	-150	-55	955	0	0	0	1774	734	1349	520	0.7974	0.0228	0.0818	-0.5961	
737756.164704042	0	0	33	-35	17	-484	43	1182	0	0	0	1907	542	3345	335	0.6334	0.1415	0.0959	-0.7534	1	0	1	-1	-150	-55	955	0	0	0	1774	734	1349	520	0.7974	0.0228	0.0818	-0.5961	
737756.164704589	0	0	27	-37	12	-462	39	1170	0	0	0	1967	512	3285	335	0.6294	0.1444	0.0925	-0.7568	1	0	1	-1	-150	-55	955	0	0	0	1774	734	1349	520	0.7974	0.0228	0.0818	-0.5961	
737756.164705316	0	0	27	-37	12	-462	39	1170	0	0	0	1967	512	3285	335	0.6294	0.1444	0.0925	-0.7568	1	0	1	-1	-150	-55	955	0	0	0	1774	734	1349	520	0.7974	0.0228	0.0818	-0.5961	
737756.16470586	0	0	27	-37	12	-462	39	1170	0	0	0	1967	512	3285	335	0.6294	0.1444	0.0925	-0.7568	1	0	1	-1	-150	-55	955	0	0	0	1774	734	1349	520	0.7974	0.0228	0.0818	-0.5961	
737756.164706404	0	0	27	-37	12	-462	39	1170	0	0	0	1967	512	3285	335	0.6294	0.1444	0.0925	-0.7568	1	0	1	-1	-150	-55	955	0	0	0	1774	734	1349	520	0.7974	0.0228	0.0818	-0.5961	
737756.164706939	0	0	27	-37	12	-462	39	1170	0	0	0	1967	512	3285	335	0.6294	0.1444	0.0925	-0.7568	1	0	1	-1	-150	-55	955	0	0	0	1774	734	1349	520	0.7974	0.0228	0.0818	-0.5961	
737756.164707365	0	0	27	-37	12	-462	39	1170	0	0	0	1967	512	3285	335	0.6294	0.1444	0.0925	-0.7568	1	0	1	-1	-150	-55	955	0	0	0	1774	734	1349	520	0.7974	0.0228	0.0818	-0.5961	
737756.164707782	0	0	27	-37	12	-462	39	1170	0	0	0	1967	512	3285	335	0.6294	0.1444	0.0925	-0.7568	1	0	1	-1	-150	-55	955	0	0	0	1774	734	1349	520	0.7974	0.0228	0.0818	-0.5961	
737756.164708325	0	0	27	-37	12	-462	39	1170	0	0	0	1967	512	3285	335	0.6294	0.1444	0.0925	-0.7568	1	0	1	-1	-150	-55	955	0	0	0	1774	734	1349	520	0.7974	0.0228	0.0818	-0.5961	
737756.164708869	0	0	27	-37	12	-462	39	1170	0	0	0	1967	512	3285	335	0.6294	0.1444	0.0925	-0.7568	1	0	1	-1	-150	-55	955	0	0	0	1774	734	1349	520	0.7974	0.0228	0.0818	-0.5961	
737756.164709413	0	0	-2	0	0	-373	20	973	0	0	0	1817	452	3435	335	0.5619	0.1532	0.0932	-0.8065	1	0	1	-1	-150	-55	955	0	0	0	1774	734	1349	520	0.7974	0.0228	0.0818	-0.5961	
737756.164709956	0	0	-2	-1	0	-375	16	965	0	0	0	1877	362	3285	335	0.5554	0.1534	0.095	-0.8107	1	0	1	-1	-150	-55	955	0	0	0	1774	734	1349	520	0.7974	0.0228	0.0818	-0.5961	
737756.164710678	0	0	-4	-2	0	-385	8	967	0	0	0	1892	347	3360	335	0.5496	0.155	0.0974	-0.8141	1	0	1	-1	-150	-55	955	0	0	0	1774	734	1349	520	0.7974	0.0228	0.0818	-0.5961	
737756.164711219	0	0	-2	-1	0	-362	-3	999	0	0	0	1832	437	3360	335	0.5473	0.1415	0.0959	-0.8182	1	0	1	-1	-150	-55	955	0	0	0	1774	734	1349	520	0.7974	0.0228	0.0818	-0.5961	
737756.164711763	0	0	-2	0	2	-333	11	1151	0	0	0	1967	452	3435	335	0.559	0.1251	0.0854	-0.8141	1	0	1	-1	-150	-55	955	0	0	0	1774	734	1349	520	0.7974	0.0228	0.0818	-0.5961	
737756.164712306	0	0	-45	17	-1	-387	-64	1383	0	0	0	1967	482	3285	335	0.5792	0.1001	0.1087	-0.8006	1	0	1	-1	-150	-55	955	0	0	0	1774	734	1349	520	0.7974	0.0228	0.0818	-0.5961	
737756.164712842	0	0	-36	57	11	-488	-69	1238	0	0	0	2072	407	3270	337	0.5789	0.1223	0.1333	-0.7938	1	0	1	-1	-150	-55	955	0	0	0	1774	734	1349	520	0.7974	0.0228	0.0818	-0.5961	
737756.16471327	0	0	-55	56	6	-496	-49	1241	0	0	0	2087	692	3105	335	0.5818	0.1428	0.1349	-0.7881	1	0	1	-1	-150	-55	955	0	0	0	1774	734	1349	520	0.7974	0.0228	0.0818	-0.5961	
737756.164713782	0	0	-55	75	6	-485	-55	1278	0	0	0	2252	827	3030	335	0.5925	0.14	0.1404	-0.7796	1	0	1	-1	-150	-55	955	0	0	0	1774	734	1349	520	0.7974	0.0228	0.0818	-0.5961	
737756.164714321	0	0	-73	104	6	-487	-91	1201	0	0	0	2222	1067	2760	335	0.6273	0.1356	0.1711	-0.7464	1	0	3	-2	-69	-93	949	0	0	0	1909	599	1394	620	0.793	-0.0199	0.0602	-0.6046	
737756.164714867	0	0	-69	119	9	-486	-76	1149	0	0	0	2432	1426	2640	335	0.6513	0.1465	0.182	-0.7203	1	0	3	-2	-69	-93	949	0	0	0	1909	599	1394	620	0.793	-0.0199	0.0602	-0.6046	
737756.164715408	0	0	-77	148	7	-520	-87	1038	0	0	0	2477	1741	2235	335	0.6888	0.1531	0.2181	-0.6726	1	0	3	-2	-69	-93	949	0	0	0	1909	599	1394	620	0.793	-0.0199	0.0602	-0.6046	
737756.164715952	0	0	-78	167	7	-547	-106	787	0	0	0	2521	1846	2041	335	0.6948	0.1692	0.2741	-0.6417	1	-2	3	0	-121	-46	953	0	0	0	1849	719	1304	602	0.7965	0.02	0.0657	-0.5993	
737756.164716488	0	0	-70	179	3	-609	-96	464	0	0	0	2596	2251	1336	337	0.6799	0.2287	0.3802	-0.5823	1	0	4	-1	-118	-53	975	0	0	0	1699	749	1334	591	0.7976	0.0184	0.069	-0.5975	
737756.16471703	0	0	-66	179	0	-605	-114	221	0	0	0	2603	2512	787	335	0.6592	0.251	0.4322	-0.5599	1	0	4	-1	-118	-53	975	0	0	0	1699	749	1334	591	0.7976	0.0184	0.069	-0.5975	
737756.164717758	0	0	-64	162	-5	-641	-162	-17	0	0	0	2678	2676	292	335	0.6058	0.286	0.5309	-0.517	1	0	3	0	-139	-62	954	0	0	0	1759	808	1394	578	0.7937	0.0227	0.0786	-0.6012	
737756.164718302	0	0	-53	135	-2	-691	-199	-281	0	0	0	2723	2721	-411	339	0.5443	0.3148	0.618	-0.4698	1	0	1	-1	-140	-56	946	0	0	0	1879	569	1304	572	0.7918	0.0192	0.0757	-0.6043	
737756.164718717	0	0	-53	135	-2	-691	-199	-281	0	0	0	2723	2721	-411	339	0.5443	0.3148	0.618	-0.4698	1	0	0	0	-139	-59	958	0	0	0	1879	629	1394	571	0.7909	0.0183	0.0741	-0.6058	
737756.16471916	0	0	-53	135	-2	-691	-199	-281	0	0	0	2723	2721	-411	339	0.5443	0.3148	0.618	-0.4698	1	0	0	0	-138	-49	956	0	0	0	1744	764	1379	569	0.7955	0.0249	0.0764	-0.5992	
737756.164719702	0	0	-53	135	-2	-691	-199	-281	0	0	0	2723	2721	-411	339	0.5443	0.3148	0.618	-0.4698	1	0	0	0	-142	-41	964	0	0	0	1819	808	1304	566	0.7988	0.0275	0.0739	-0.595	
737756.164720246	0	0	-53	135	-2	-691	-199	-281	0	0	0	2723	2721	-411	339	0.5443	0.3148	0.618	-0.4698	1	-1	-1	0	-145	-57	964	0	0	0	1984	749	1394	566	0.7973	0.02	0.0766	-0.597	
737756.16472079	0	0	-53	135	-2	-691	-199	-281	0	0	0	2723	2721	-411	339	0.5443	0.3148	0.618	-0.4698	1	0	0	1	-138	-58	961	0	0	0	1849	539	1364	568	0.7958	0.0152	0.0726	-0.5996	
737756.164721334	0	0	-53	135	-2	-691	-199	-281	0	0	0	2723	2721	-411	339	0.5443	0.3148	0.618	-0.4698	1	-2	0	0	-137	-53	954	0	0	0	1909	778	1274	566	0.7986	0.0217	0.0749	-0.5955	
737756.164721878	0	0	-53	135	-2	-691	-199	-281	0	0	0	2723	2721	-411	339	0.5443	0.3148	0.618	-0.4698	1	0	0	0	-145	-58	955	0	0	0	1744	704	1319	565	0.7979	0.0189	0.0784	-0.5959	
737756.164722421	0	0	-53	135	-2	-691	-199	-281	0	0	0	2723	2721	-411	339	0.5443	0.3148	0.618	-0.4698	1	0	-1	0	-141	-56	960	0	0	0	1909	689	1364	566	0.7956	0.0183	0.0749	-0.5995	
737756.164722957	0	0	9	-45	-1	-821	-306	-422	0	0	0	2527	2406	-1455	339	0.3721	0.3914	0.7443	-0.3906	1	0	0	0	-141	-51	971	0	0	0	1864	764	1379	564	0.8006	0.0226	0.0746	-0.5927	
737756.164723684	0	0	23	-39	9	-817	-247	-400	0	0	0	2692	2511	-1140	339	0.3844	0.3963	0.7214	-0.416	1	-1	0	0	-142	-56	944	0	0	0	1789	719	1244	560	0.8008	0.02	0.0771	-0.5922	
737756.164724227	0	0	41	-57	10	-835	-232	-401	0	0	0	2602	2511	-1050	338	0.3864	0.4146	0.7076	-0.4199	1	-1	0	0	-143	-57	965	0	0	0	1819	569	1364	561	0.7948	0.0169	0.0724	-0.6009	
737756.164724645	0	0	41	-57	10	-835	-232	-401	0	0	0	2602	2511	-1050	338	0.3864	0.4146	0.7076	-0.4199	1	2	0	0	-139	-63	957	0	0	0	1804	793	1439	555	0.7973	0.0205	0.0785	-0.5966	
737756.164725167	0	0	38	-71	6	-817	-205	-360	0	0	0	2647	2706	-735	338	0.4037	0.4297	0.6738	-0.4434	1	2	0	0	-139	-63	957	0	0	0	1804	793	1439	555	0.7973	0.0205	0.0785	-0.5966	
737756.16472571	0	0	66	-92	10	-806	-193	-203	0	0	0	2617	2736	-375	338	0.4148	0.4397	0.6343	-0.4799	1	0	-1	0	-142	-70	954	0	0	0	1789	749	1304	544	0.7973	0.0196	0.0795	-0.5966	
737756.164726254	0	0	47	-103	1	-804	-215	-94	0	0	0	2647	2766	-46	338	0.4334	0.4326	0.5955	-0.5179	1	-1	-1	0	-131	-34	953	0	0	0	1834	704	1289	545	0.7984	0.0219	0.0708	-0.5961	
737756.164726798	0	0	68	-116	11	-799	-177	148	0	0	0	2692	2691	298	338	0.4577	0.4095	0.5329	-0.579	1	-1	-1	0	-131	-34	953	0	0	0	1834	704	1289	545	0.7984	0.0219	0.0708	-0.5961	
737756.164727342	0	0	59	-128	1	-785	-184	227	0	0	0	2633	2539	853	338	0.488	0.384	0.4714	-0.6235	1	-1	-1	0	-131	-34	953	0	0	0	1834	704	1289	545	0.7984	0.0219	0.0708	-0.5961	
737756.164727886	0	0	59	-128	1	-785	-184	227	0	0	0	2633	2539	853	338	0.488	0.384	0.4714	-0.6235	1	-1	-1	0	-131	-34	953	0	0	0	1834	704	1289	545	0.7984	0.0219	0.0708	-0.5961	
737756.164728421	0	0	59	-128	1	-785	-184	227	0	0	0	2633	2539	853	338	0.488	0.384	0.4714	-0.6235	1	-1	-1	0	-131	-34	953	0	0	0	1834	704	1289	545	0.7984	0.0219	0.0708	-0.5961	
737756.164728964	0	0	29	-138	4	-706	-89	585	0	0	0	2468	2224	1797	335	0.5568	0.2882	0.3306	-0.7029	1	-1	-1	0	-131	-34	953	0	0	0	1834	704	1289	545	0.7984	0.0219	0.0708	-0.5961	
737756.164729506	0	0	53	-151	2	-552	-186	824	0	0	0	2358	1842	2220	335	0.5928	0.1693	0.2581	-0.7417	1	-1	-1	0	-131	-34	953	0	0	0	1834	704	1289	545	0.7984	0.0219	0.0708	-0.5961	
737756.164729923	0	0	30	-134	4	-540	-121	998	0	0	0	2268	1602	2489	335	0.6413	0.1483	0.2011	-0.7235	1	0	0	0	-141	-45	953	0	0	0	1714	734	1379	543	0.8003	0.0225	0.0759	-0.5929	
737756.164730328	0	0	40	-135	2	-519	-162	1029	0	0	0	2313	1377	2654	335	0.653	0.1166	0.199	-0.7199	1	-2	0	-1	-145	-58	953	0	0	0	1849	778	1454	544	0.7989	0.0219	0.0786	-0.5945	
737756.164730753	0	0	41	-84	14	-489	-114	1187	0	0	0	2193	1167	2894	335	0.6702	0.1118	0.1616	-0.7144	1	-2	-1	0	-149	-57	954	0	0	0	1774	644	1409	540	0.7971	0.0176	0.0794	-0.5969	
737756.164731473	0	0	44	-69	17	-547	-19	908	0	0	0	2088	1092	2999	335	0.6652	0.1599	0.1693	-0.708	1	0	-1	0	-145	-55	962	0	0	0	1849	749	1334	529	0.796	0.0202	0.0793	-0.5984	
737756.164732017	0	0	6	-77	-1	-484	27	1035	0	0	0	2088	702	3329	335	0.6497	0.1535	0.1138	-0.7346	1	0	-1	0	-145	-55	962	0	0	0	1849	749	1334	529	0.796	0.0202	0.0793	-0.5984	
737756.164732561	0	0	12	-78	0	-372	3	1121	0	0	0	2025	495	3208	335	0.6373	0.114	0.0893	-0.7557	1	0	-1	0	-145	-55	962	0	0	0	1849	749	1334	529	0.796	0.0202	0.0793	-0.5984	
737756.164733104	0	0	73	-137	8	-898	113	2515	0	0	0	1875	435	3208	334	0.6323	0.12	0.0785	-0.76	1	0	-1	0	-145	-55	962	0	0	0	1849	749	1334	529	0.796	0.0202	0.0793	-0.5984	
737756.16473364	0	0	-38	111	18	-465	-109	819	0	0	0	2010	390	3223	335	0.6278	0.1115	0.1151	-0.7599	1	0	-1	0	-145	-55	962	0	0	0	1849	749	1334	529	0.796	0.0202	0.0793	-0.5984	
737756.164734182	0	0	27	28	8	-297	-72	418	0	0	0	2010	510	3283	339	0.6184	0.1415	0.156	-0.7555	1	0	-1	0	-145	-55	962	0	0	0	1849	749	1334	529	0.796	0.0202	0.0793	-0.5984	
737756.16473473	0	0	-5	-45	0	-328	39	876	0	0	0	1935	495	3238	335	0.6147	0.1504	0.1023	-0.7655	1	0	-1	0	-145	-55	962	0	0	0	1849	749	1334	529	0.796	0.0202	0.0793	-0.5984	
737756.164735269	0	0	11	-36	-2	-428	46	1378	0	0	0	2040	420	3283	335	0.6128	0.1252	0.0747	-0.7755	1	0	-1	0	-145	-55	962	0	0	0	1849	749	1334	529	0.796	0.0202	0.0793	-0.5984	
737756.164735813	0	0	11	-36	-2	-428	46	1378	0	0	0	2040	420	3283	335	0.6128	0.1252	0.0747	-0.7755	1	0	-1	0	-145	-55	962	0	0	0	1849	749	1334	529	0.796	0.0202	0.0793	-0.5984	
737756.16473623	0	0	11	-36	-2	-428	46	1378	0	0	0	2040	420	3283	335	0.6128	0.1252	0.0747	-0.7755	1	0	-1	0	-145	-55	962	0	0	0	1849	749	1334	529	0.796	0.0202	0.0793	-0.5984	
737756.16473675	0	0	11	-36	-2	-428	46	1378	0	0	0	2040	420	3283	335	0.6128	0.1252	0.0747	-0.7755	1	0	-1	0	-145	-55	962	0	0	0	1849	749	1334	529	0.796	0.0202	0.0793	-0.5984	
737756.164737291	0	0	11	-36	-2	-428	46	1378	0	0	0	2040	420	3283	335	0.6128	0.1252	0.0747	-0.7755	1	0	-1	0	-145	-55	962	0	0	0	1849	749	1334	529	0.796	0.0202	0.0793	-0.5984	
737756.164738013	0	0	11	-36	-2	-428	46	1378	0	0	0	2040	420	3283	335	0.6128	0.1252	0.0747	-0.7755	1	0	-1	0	-145	-55	962	0	0	0	1849	749	1334	529	0.796	0.0202	0.0793	-0.5984	
737756.164738557	0	0	11	-36	-2	-428	46	1378	0	0	0	2040	420	3283	335	0.6128	0.1252	0.0747	-0.7755	1	0	-1	0	-145	-55	962	0	0	0	1849	749	1334	529	0.796	0.0202	0.0793	-0.5984	
737756.164739095	0	0	11	-36	-2	-428	46	1378	0	0	0	2040	420	3283	335	0.6128	0.1252	0.0747	-0.7755	1	0	-1	0	-145	-55	962	0	0	0	1849	749	1334	529	0.796	0.0202	0.0793	-0.5984	
737756.164739636	0	0	-40	14	0	-406	-77	1131	0	0	0	1995	465	3238	335	0.5751	0.1173	0.1269	-0.7985	1	0	-1	0	-145	-55	962	0	0	0	1849	749	1334	529	0.796	0.0202	0.0793	-0.5984	
737756.164740362	0	0	-29	36	6	-490	-73	1174	0	0	0	2144	585	3148	335	0.5773	0.1398	0.1412	-0.7909	1	0	-1	0	-145	-55	962	0	0	0	1849	749	1334	529	0.796	0.0202	0.0793	-0.5984	
737756.164740906	0	0	-36	49	2	-498	-84	1216	0	0	0	2204	735	2998	335	0.5848	0.1391	0.1494	-0.784	1	0	-1	0	-145	-55	962	0	0	0	1849	749	1334	529	0.796	0.0202	0.0793	-0.5984	
737756.16474145	0	0	-41	56	2	-486	-89	1212	0	0	0	2204	735	2998	335	0.5869	0.1341	0.1492	-0.7833	1	4	-4	3	-84	-209	993	0	0	0	1834	554	1349	578	0.7909	-0.0073	0.065	-0.6065	
737756.164741854	0	0	-52	82	4	-495	-134	1215	0	0	0	2264	1004	2788	335	0.6061	0.1251	0.173	-0.7648	1	-1	-1	0	-230	35	955	0	0	0	1744	704	1289	591	0.7934	0.0102	0.0828	-0.6007	
737756.164742329	0	0	-50	92	6	-498	-148	1199	0	0	0	2384	1154	2758	335	0.6135	0.131	0.1896	-0.754	1	-1	-1	0	-230	35	955	0	0	0	1744	704	1289	591	0.7934	0.0102	0.0828	-0.6007	
737756.164742873	0	0	-71	117	4	-554	-136	1077	0	0	0	2579	1559	2354	335	0.6502	0.1526	0.2251	-0.708	1	-2	1	-2	-80	-15	949	0	0	0	1789	778	1454	602	0.8	0.0105	0.0657	-0.5944	
737756.164743417	0	0	-55	141	9	-591	-169	835	0	0	0	2644	1930	1772	334	0.6685	0.1658	0.2946	-0.6609	1	-2	1	-2	-80	-15	949	0	0	0	1789	778	1454	602	0.8	0.0105	0.0657	-0.5944	
737756.164743961	0	0	-55	141	9	-591	-169	835	0	0	0	2644	1930	1772	334	0.6685	0.1658	0.2946	-0.6609	1	-2	1	-2	-80	-15	949	0	0	0	1789	778	1454	602	0.8	0.0105	0.0657	-0.5944	
737756.164744505	0	0	-61	159	4	-633	-142	438	0	0	0	2674	2350	1293	335	0.6621	0.2158	0.3922	-0.5993	1	-2	1	-2	-80	-15	949	0	0	0	1789	778	1454	602	0.8	0.0105	0.0657	-0.5944	
737756.164745048	0	0	-51	154	0	-649	-184	246	0	0	0	2749	2485	828	338	0.6225	0.2491	0.4804	-0.5637	1	0	0	0	-141	-47	958	0	0	0	1759	778	1334	594	0.8005	0.0261	0.0754	-0.5927	
737756.164745584	0	0	-49	151	1	-655	-187	29	0	0	0	2869	2605	318	335	0.5867	0.2742	0.5435	-0.5322	1	0	0	0	-148	-40	954	0	0	0	1774	764	1379	579	0.8004	0.0294	0.0747	-0.5927	
737756.164746311	0	0	-50	109	-8	-750	-205	-99	0	0	0	2864	2558	-153	338	0.5246	0.3141	0.6275	-0.4802	1	-1	0	0	-141	-35	949	0	0	0	1744	704	1349	577	0.7991	0.028	0.0707	-0.595	
737756.164746855	0	0	-59	106	-10	-743	-243	-215	0	0	0	2744	2558	-573	337	0.4996	0.3233	0.6566	-0.4613	1	-1	1	-1	-142	-35	965	0	0	0	1789	838	1424	575	0.8023	0.0319	0.0727	-0.5901	
737756.164747398	0	0	-59	106	-10	-743	-243	-215	0	0	0	2744	2558	-573	337	0.4996	0.3233	0.6566	-0.4613	1	-1	0	0	-150	-46	957	0	0	0	1669	599	1394	575	0.7946	0.0235	0.0729	-0.6009	
737756.164747816	0	0	-59	106	-10	-743	-243	-215	0	0	0	2744	2558	-573	337	0.4996	0.3233	0.6566	-0.4613	1	0	0	0	-147	-44	950	0	0	0	1909	689	1364	572	0.797	0.0267	0.076	-0.5972	
737756.164748279	0	0	-59	106	-10	-743	-243	-215	0	0	0	2744	2558	-573	337	0.4996	0.3233	0.6566	-0.4613	1	-2	0	0	-153	-41	952	0	0	0	1819	749	1304	574	0.798	0.0298	0.0776	-0.5955	
737756.164748823	0	0	-59	106	-10	-743	-243	-215	0	0	0	2744	2558	-573	337	0.4996	0.3233	0.6566	-0.4613	1	0	0	0	-147	-49	954	0	0	0	1789	719	1394	573	0.7982	0.0257	0.0767	-0.5955	
737756.164749367	0	0	-59	106	-10	-743	-243	-215	0	0	0	2744	2558	-573	337	0.4996	0.3233	0.6566	-0.4613	1	0	-1	0	-150	-31	948	0	0	0	1714	823	1529	572	0.8014	0.0338	0.0761	-0.5909	
737756.16474991	0	0	-59	106	-10	-743	-243	-215	0	0	0	2744	2558	-573	337	0.4996	0.3233	0.6566	-0.4613	1	-1	-2	0	-155	-54	957	0	0	0	1744	734	1409	572	0.7987	0.0255	0.0787	-0.5946	
737756.164750445	0	0	-2	-31	-4	-798	-225	-574	0	0	0	2534	2438	-1413	338	0.3418	0.4193	0.7592	-0.3594	1	0	-1	0	-149	-45	957	0	0	0	1774	764	1469	568	0.7995	0.0264	0.0761	-0.5939	
737756.164751172	0	0	13	-49	0	-781	-299	-450	0	0	0	2624	2468	-1323	339	0.3482	0.4186	0.7333	-0.405	1	-1	0	0	-148	-39	956	0	0	0	1789	778	1364	564	0.8016	0.0297	0.0749	-0.591	
737756.164751716	0	0	26	-54	8	-769	-299	-386	0	0	0	2624	2528	-1083	339	0.3556	0.4175	0.7151	-0.4314	1	-1	-1	0	-150	-47	960	0	0	0	1819	778	1394	560	0.799	0.0265	0.076	-0.5945	
737756.16475226	0	0	26	-54	8	-769	-299	-386	0	0	0	2624	2528	-1083	339	0.3556	0.4175	0.7151	-0.4314	1	0	0	0	-146	-54	968	0	0	0	1819	838	1454	556	0.7999	0.0261	0.078	-0.593	
737756.164752795	0	0	45	-68	12	-794	-198	-423	0	0	0	2714	2738	-723	339	0.3738	0.4454	0.6828	-0.4403	1	0	0	0	-146	-54	968	0	0	0	1819	838	1454	556	0.7999	0.0261	0.078	-0.593	
737756.164753212	0	0	50	-81	10	-760	-213	-397	0	0	0	2594	2738	-663	340	0.3737	0.4546	0.674	-0.4446	1	-1	-1	0	-153	-42	962	0	0	0	1639	719	1304	555	0.8014	0.0299	0.0764	-0.591	
737756.164753638	0	0	50	-81	10	-760	-213	-397	0	0	0	2594	2738	-663	340	0.3737	0.4546	0.674	-0.4446	1	-1	-1	0	-153	-42	962	0	0	0	1639	719	1304	555	0.8014	0.0299	0.0764	-0.591	
737756.164754055	0	0	50	-81	10	-760	-213	-397	0	0	0	2594	2738	-663	340	0.3737	0.4546	0.674	-0.4446	1	-1	-1	0	-153	-42	962	0	0	0	1639	719	1304	555	0.8014	0.0299	0.0764	-0.591	
737756.164754598	0	0	56	-153	8	-691	-213	93	0	0	0	2668	2636	572	335	0.4377	0.4071	0.526	-0.6021	1	-1	-1	0	-153	-42	962	0	0	0	1639	719	1304	555	0.8014	0.0299	0.0764	-0.591	
737756.164755142	0	0	56	-160	11	-707	-187	333	0	0	0	2593	2591	917	335	0.4787	0.3552	0.4474	-0.6641	1	-1	-1	0	-153	-42	962	0	0	0	1639	719	1304	555	0.8014	0.0299	0.0764	-0.591	
737756.164755677	0	0	56	-160	11	-707	-187	333	0	0	0	2593	2591	917	335	0.4787	0.3552	0.4474	-0.6641	1	-1	-1	0	-153	-42	962	0	0	0	1639	719	1304	555	0.8014	0.0299	0.0764	-0.591	
737756.164756404	0	0	37	-132	13	-660	-82	756	0	0	0	2398	2187	1981	335	0.5819	0.2498	0.2758	-0.7207	1	-1	-1	0	-153	-42	962	0	0	0	1639	719	1304	555	0.8014	0.0299	0.0764	-0.591	
737756.164756948	0	0	44	-154	11	-604	-108	888	0	0	0	2224	1890	2386	335	0.6151	0.1956	0.2329	-0.725	1	-1	-1	0	-153	-42	962	0	0	0	1639	719	1304	555	0.8014	0.0299	0.0764	-0.591	
737756.164757492	0	0	33	-125	0	-566	-49	913	0	0	0	2284	1531	2626	337	0.6419	0.1849	0.1956	-0.7167	1	-1	-1	0	-153	-42	962	0	0	0	1639	719	1304	555	0.8014	0.0299	0.0764	-0.591	
737756.164758028	0	0	68	-111	15	-551	15	1251	0	0	0	2134	1201	2806	335	0.6585	0.1543	0.1333	-0.7229	1	2	2	-1	-143	-44	965	0	0	0	1864	764	1319	471	0.7962	0.0278	0.0769	-0.5981	
737756.16475857	0	0	68	-111	15	-551	15	1251	0	0	0	2134	1201	2806	335	0.6585	0.1543	0.1333	-0.7229	1	-2	1	0	-147	-48	926	0	0	0	1894	734	1379	451	0.7951	0.0265	0.0769	-0.5997	
737756.164759298	0	0	10	-34	7	-511	-54	1254	0	0	0	1999	674	3272	335	0.6548	0.1196	0.1253	-0.7345	1	-2	1	0	-147	-48	926	0	0	0	1894	734	1379	451	0.7951	0.0265	0.0769	-0.5997	
737756.164759867	0	0	23	-14	13	-515	-47	1095	0	0	0	2059	704	3332	335	0.6416	0.1369	0.1402	-0.7404	1	-2	1	0	-147	-48	926	0	0	0	1894	734	1379	451	0.7951	0.0265	0.0769	-0.5997	
737756.164760411	0	0	-4	-12	4	-485	29	1009	0	0	0	1954	659	3377	335	0.6296	0.1639	0.1177	-0.7491	1	-2	1	0	-147	-48	926	0	0	0	1894	734	1379	451	0.7951	0.0265	0.0769	-0.5997	
737756.164761138	0	0	-3	-5	3	-425	-18	942	0	0	0	1924	539	3317	335	0.6103	0.1492	0.1205	-0.7674	1	-6	0	0	-114	-22	976	0	0	0	1639	629	1424	395	0.7956	0.0275	0.0567	-0.6011	
737756.164761682	0	0	-3	-13	1	-415	11	772	0	0	0	1894	629	3287	335	0.5918	0.1845	0.1276	-0.7731	1	-2	1	0	-142	-19	945	0	0	0	1759	808	1394	394	0.7976	0.0333	0.0681	-0.5968	
737756.164762218	0	0	1	-36	-3	-511	33	1283	0	0	0	1939	554	3272	335	0.5838	0.1537	0.0959	-0.7902	1	-2	1	0	-142	-19	945	0	0	0	1759	808	1394	394	0.7976	0.0333	0.0681	-0.5968	
737756.16476276	0	0	-24	21	-1	-387	-64	817	0	0	0	1909	494	3242	335	0.579	0.1456	0.1404	-0.7886	1	5	-5	-1	-122	4	951	0	0	0	1729	689	1424	393	0.7957	0.0385	0.0549	-0.6005	
737756.164763488	0	0	4	-25	0	-404	-35	1064	0	0	0	1984	539	3347	335	0.5619	0.1351	0.1118	-0.8071	1	-4	3	0	-144	-46	964	0	0	0	1669	659	1364	393	0.7911	0.0295	0.0662	-0.6059	
737756.164764034	0	0	0	-7	1	-385	-19	1147	0	0	0	1909	494	3302	335	0.5647	0.1282	0.1009	-0.808	1	-2	3	1	-142	-48	958	0	0	0	1669	659	1364	394	0.7912	0.0275	0.071	-0.6054	
737756.164764575	0	0	1	-5	3	-417	-14	886	0	0	0	2014	509	3317	335	0.5562	0.1648	0.1266	-0.8035	1	1	1	0	-124	-13	955	0	0	0	1714	644	1499	392	0.7935	0.0337	0.0567	-0.6035	
737756.164764996	0	0	-2	-3	0	-414	-2	999	0	0	0	1939	524	3272	335	0.5539	0.1602	0.111	-0.8084	1	0	3	0	-148	-18	949	0	0	0	1759	599	1484	394	0.7918	0.0363	0.0618	-0.6051	
737756.164765456	0	0	-1	-2	0	-387	-37	941	0	0	0	1894	569	3377	335	0.5502	0.1485	0.122	-0.8115	1	0	-2	0	-144	-32	947	0	0	0	1654	704	1529	392	0.7917	0.0349	0.0689	-0.6046	
737756.164766184	0	0	-8	2	0	-397	-10	1008	0	0	0	1924	479	3407	335	0.5517	0.1498	0.1077	-0.8123	1	0	-2	0	-144	-32	947	0	0	0	1654	704	1529	392	0.7917	0.0349	0.0689	-0.6046	
737756.164766727	0	0	-6	2	0	-387	-26	1061	0	0	0	2149	374	3332	334	0.5518	0.1374	0.108	-0.8144	1	0	-2	0	-144	-32	947	0	0	0	1654	704	1529	392	0.7917	0.0349	0.0689	-0.6046	
737756.164767271	0	0	-19	13	1	-411	-45	1109	0	0	0	2014	659	3287	335	0.5587	0.1399	0.1259	-0.8066	1	0	-2	0	-144	-32	947	0	0	0	1654	704	1529	392	0.7917	0.0349	0.0689	-0.6046	
737756.164767807	0	0	-24	30	3	-453	-55	1289	0	0	0	2104	689	3287	335	0.5774	0.1293	0.1245	-0.7954	1	0	-2	0	-144	-32	947	0	0	0	1654	704	1529	392	0.7917	0.0349	0.0689	-0.6046	
737756.164768533	0	0	-42	66	4	-531	-60	1233	0	0	0	2239	824	3182	335	0.5908	0.1513	0.1493	-0.7772	1	0	-2	0	-144	-32	947	0	0	0	1654	704	1529	392	0.7917	0.0349	0.0689	-0.6046	
737756.164769079	0	0	-59	69	0	-538	-68	1243	0	0	0	2194	1109	2927	335	0.6027	0.1524	0.1645	-0.7645	1	0	-2	0	-144	-32	947	0	0	0	1654	704	1529	392	0.7917	0.0349	0.0689	-0.6046	
737756.164769622	0	0	-62	104	2	-523	-97	1163	0	0	0	2419	1304	2762	335	0.6411	0.144	0.1856	-0.7294	1	-3	0	-4	-53	12	934	0	0	0	1714	554	1379	612	0.7951	0.0471	0.0181	-0.6026	
737756.164770163	0	0	-73	123	-1	-569	-124	1109	0	0	0	2464	1559	2418	335	0.6737	0.1428	0.2197	-0.6896	1	1	0	0	-148	69	974	0	0	0	1774	734	1379	624	0.7965	0.0382	0.052	-0.5993	
737756.164770884	0	0	-65	150	1	-588	-133	847	0	0	0	2584	1828	1968	334	0.6755	0.1679	0.2757	-0.6615	1	1	0	0	-148	69	974	0	0	0	1774	734	1379	624	0.7965	0.0382	0.052	-0.5993	
737756.16477145	0	0	-66	163	0	-588	-124	621	0	0	0	2637	2247	1547	335	0.6717	0.1967	0.3364	-0.6284	1	-2	0	1	-129	-26	956	0	0	0	1894	674	1289	632	0.7981	0.0241	0.065	-0.5971	
737756.164771986	0	0	-71	167	-3	-591	-172	359	0	0	0	2771	2322	1143	335	0.6496	0.2201	0.4109	-0.599	1	-3	0	0	-123	-29	962	0	0	0	1804	853	1349	629	0.8032	0.0293	0.0659	-0.5899	
737756.164772712	0	0	-51	160	-4	-608	-205	212	0	0	0	2786	2457	768	335	0.6262	0.2376	0.4623	-0.5794	1	0	0	0	-129	-56	965	0	0	0	1714	644	1349	620	0.798	0.0163	0.0683	-0.5971	
737756.164773256	0	0	-44	134	-2	-671	-255	-194	0	0	0	2889	2586	16	335	0.5585	0.2799	0.5782	-0.5228	1	1	0	1	-133	-50	963	0	0	0	1654	524	1379	620	0.7954	0.0152	0.0665	-0.6008	
737756.164773673	0	0	-44	134	-2	-671	-255	-194	0	0	0	2889	2586	16	335	0.5585	0.2799	0.5782	-0.5228	1	1	0	1	-133	-50	963	0	0	0	1654	524	1379	620	0.7954	0.0152	0.0665	-0.6008	
737756.164774217	0	0	-34	94	-3	-744	-300	-274	0	0	0	2814	2392	-478	337	0.4904	0.3089	0.6639	-0.4705	1	-1	0	-1	-137	-43	962	0	0	0	1834	584	1349	610	0.7952	0.0218	0.067	-0.6008	
737756.164774761	0	0	-38	83	-6	-780	-305	-331	0	0	0	2769	2496	-852	337	0.4532	0.323	0.6999	-0.4455	1	-3	0	0	-133	-41	963	0	0	0	1714	704	1349	607	0.7952	0.0245	0.0684	-0.6006	
737756.164775305	0	0	-29	84	0	-747	-336	-414	0	0	0	2649	2437	-1002	339	0.4142	0.3308	0.7316	-0.4265	1	-2	-1	0	-134	-46	958	0	0	0	1804	644	1409	607	0.7939	0.0221	0.0682	-0.6024	
737756.164775849	0	0	-25	62	4	-739	-337	-487	0	0	0	2627	2290	-1370	338	0.374	0.3413	0.7612	-0.403	1	-1	0	0	-130	-63	953	0	0	0	1789	719	1304	601	0.7946	0.0179	0.0726	-0.6011	
737756.164776384	0	0	-9	38	6	-751	-310	-562	0	0	0	2717	2260	-1490	338	0.3535	0.3536	0.7748	-0.3846	1	-2	-1	0	-133	-41	956	0	0	0	1744	614	1259	600	0.794	0.0211	0.0684	-0.6023	
737756.164776798	0	0	-2	35	9	-756	-288	-544	0	0	0	2687	2260	-1430	338	0.3495	0.3589	0.7761	-0.3809	1	-2	-1	0	-133	-41	956	0	0	0	1744	614	1259	600	0.794	0.0211	0.0684	-0.6023	
737756.164777193	0	0	-2	35	9	-756	-288	-544	0	0	0	2687	2260	-1430	338	0.3495	0.3589	0.7761	-0.3809	1	-2	-1	0	-133	-41	956	0	0	0	1744	614	1259	600	0.794	0.0211	0.0684	-0.6023	
737756.164777747	0	0	9	-5	3	-781	-282	-561	0	0	0	2732	2305	-1505	338	0.3425	0.388	0.7707	-0.3695	1	-2	-1	0	-133	-41	956	0	0	0	1744	614	1259	600	0.794	0.0211	0.0684	-0.6023	
737756.16477829	0	0	8	-19	1	-804	-315	-475	0	0	0	2732	2305	-1445	339	0.347	0.391	0.7582	-0.3874	1	-1	-1	0	-129	-45	954	0	0	0	1909	719	1334	593	0.7887	0.0199	0.0682	-0.6093	
737756.164778834	0	0	9	-27	4	-793	-307	-449	0	0	0	2657	2350	-1400	339	0.3531	0.3938	0.7424	-0.4091	1	-1	0	0	-124	-52	958	0	0	0	1924	764	1289	594	0.7919	0.0199	0.0686	-0.605	
737756.164779378	0	0	11	-29	6	-766	-320	-500	0	0	0	2687	2320	-1370	338	0.3464	0.3973	0.7428	-0.4106	1	-2	0	0	-136	-45	952	0	0	0	1729	599	1304	591	0.7906	0.0209	0.0686	-0.6068	
737756.164779922	0	0	31	-55	9	-754	-282	-496	0	0	0	2687	2320	-1190	339	0.3418	0.4109	0.7383	-0.4093	1	0	0	0	-129	-53	959	0	0	0	1789	778	1304	590	0.791	0.0214	0.0747	-0.6054	
737756.164780458	0	0	30	-67	11	-740	-286	-458	0	0	0	2747	2410	-1040	338	0.3442	0.418	0.7263	-0.4215	1	0	0	0	-129	-53	959	0	0	0	1789	778	1304	590	0.791	0.0214	0.0747	-0.6054	
737756.164781184	0	0	64	-89	20	-736	-286	-308	0	0	0	2702	2545	-665	338	0.3563	0.4246	0.6916	-0.461	1	-2	0	0	-136	-54	960	0	0	0	1759	599	1364	581	0.7921	0.019	0.07	-0.6046	
737756.164781728	0	0	54	-99	21	-754	-228	-161	0	0	0	2777	2680	-171	338	0.3978	0.433	0.625	-0.5116	1	2	-1	0	-126	-53	967	0	0	0	1894	584	1319	572	0.7891	0.0157	0.0692	-0.6087	
737756.164782272	0	0	74	-106	28	-734	-214	-167	0	0	0	2582	2725	23	338	0.4009	0.4425	0.5989	-0.5321	1	-4	0	0	-134	-47	950	0	0	0	1894	644	1289	568	0.7919	0.0219	0.0693	-0.605	
737756.164782689	0	0	36	-139	13	-778	-131	113	0	0	0	2597	2770	518	335	0.4551	0.4331	0.519	-0.5766	1	-4	0	0	-134	-47	950	0	0	0	1894	644	1289	568	0.7919	0.0219	0.0693	-0.605	
737756.1647832	0	0	45	-148	10	-715	-200	198	0	0	0	2569	2614	703	335	0.4752	0.3921	0.4795	-0.6221	1	-4	0	0	-134	-47	950	0	0	0	1894	644	1289	568	0.7919	0.0219	0.0693	-0.605	
737756.164783927	0	0	42	-139	18	-733	-62	404	0	0	0	2449	2524	1422	335	0.5328	0.3514	0.3735	-0.6711	1	-4	0	0	-134	-47	950	0	0	0	1894	644	1289	568	0.7919	0.0219	0.0693	-0.605	
737756.164784344	0	0	41	-165	3	-675	-124	602	0	0	0	2314	2389	1647	335	0.5598	0.3057	0.325	-0.6957	1	-4	0	0	-134	-47	950	0	0	0	1894	644	1289	568	0.7919	0.0219	0.0693	-0.605	
737756.164784809	0	0	25	-153	3	-678	-6	702	0	0	0	2299	2164	2052	335	0.6104	0.2737	0.2549	-0.6966	1	-4	0	0	-134	-47	950	0	0	0	1894	644	1289	568	0.7919	0.0219	0.0693	-0.605	
737756.164785534	0	0	62	-125	15	-607	-31	1005	0	0	0	2282	1755	2436	335	0.6526	0.1892	0.1961	-0.7052	1	-1	0	0	-136	-56	950	0	0	0	1834	614	1439	556	0.7891	0.0185	0.0731	-0.6083	
737756.16478608	0	0	54	-108	4	-569	-80	945	0	0	0	2402	1486	2796	335	0.658	0.1682	0.1953	-0.7062	1	1	-1	0	-139	-51	956	0	0	0	1774	554	1379	549	0.7889	0.0192	0.0719	-0.6086	
737756.164786624	0	0	17	-100	0	-586	65	1194	0	0	0	1952	1276	3006	334	0.6697	0.177	0.1312	-0.7079	1	1	-1	0	-129	-56	956	0	0	0	1744	644	1439	538	0.7914	0.0187	0.0712	-0.6055	
737756.164787167	0	0	33	-76	4	-492	-41	1246	0	0	0	2042	916	3126	335	0.6584	0.1225	0.1274	-0.7304	1	1	1	0	-125	-36	954	0	0	0	1804	644	1289	516	0.7926	0.0233	0.0663	-0.6044	
737756.164787702	0	0	18	-52	5	-466	-17	1267	0	0	0	1997	841	3201	334	0.6568	0.1224	0.1159	-0.7337	1	0	2	0	-129	-31	975	0	0	0	1654	734	1379	505	0.7973	0.0297	0.0666	-0.5978	
737756.16478843	0	0	33	-42	13	-643	8	1606	0	0	0	1952	586	3096	334	0.6373	0.1327	0.1105	-0.7497	1	-4	6	0	-159	-113	936	0	0	0	1804	883	1469	423	0.7987	0.0169	0.0977	-0.5919	
737756.164788954	0	0	-15	47	7	-559	25	1288	0	0	0	1952	736	3336	335	0.633	0.1443	0.0923	-0.7533	1	13	-6	0	-221	-35	920	0	0	0	1819	749	1364	408	0.7987	0.0407	0.0981	-0.5908	
737756.164789497	0	0	3	16	6	-384	-36	543	0	0	0	1922	646	3276	335	0.6169	0.178	0.153	-0.7497	1	-4	-15	0	-91	-139	996	0	0	0	1774	674	1319	397	0.7974	0.0174	0.0828	-0.5955	
737756.164790224	0	0	-3	-20	-4	-434	46	1150	0	0	0	1952	766	3336	335	0.6028	0.1549	0.099	-0.7753	1	0	-2	-4	-133	-58	915	0	0	0	1879	719	1424	395	0.7963	0.0204	0.0769	-0.5983	
737756.164790768	0	0	-12	8	0	-466	-21	993	0	0	0	1952	616	3156	337	0.5921	0.1592	0.1285	-0.7782	1	4	-7	-3	-126	-70	960	0	0	0	1744	704	1349	395	0.7951	0.0175	0.072	-0.6005	
737756.164791311	0	0	1	-7	2	-445	-15	817	0	0	0	1937	661	3291	335	0.5651	0.1863	0.1385	-0.7905	1	7	1	-1	-144	-67	954	0	0	0	1744	823	1379	395	0.7976	0.0266	0.078	-0.5961	
737756.164791854	0	0	1	-15	2	-440	-2	1011	0	0	0	1877	601	3291	335	0.5569	0.1635	0.1129	-0.8054	1	7	-3	-2	-139	-11	948	0	0	0	1744	734	1409	394	0.7966	0.0385	0.0653	-0.5983	
737756.164792389	0	0	2	-8	6	-391	-46	932	0	0	0	2027	721	3321	335	0.5563	0.1514	0.1351	-0.8047	1	7	0	-3	-122	-35	969	0	0	0	1669	689	1454	395	0.7914	0.0275	0.0578	-0.6065	
737756.164792937	0	0	12	-9	16	-391	12	972	0	0	0	1907	571	3261	335	0.5662	0.1589	0.105	-0.8008	1	0	5	0	-141	-20	943	0	0	0	1729	599	1484	394	0.7875	0.0348	0.062	-0.6108	
737756.164793474	0	0	-4	-6	11	-435	97	944	0	0	0	1952	676	3246	335	0.5751	0.2	0.0891	-0.7872	1	8	-2	-1	-142	-29	956	0	0	0	1669	689	1334	394	0.7885	0.0361	0.0701	-0.6086	
737756.164794019	0	0	-12	-14	0	-407	38	952	0	0	0	1802	526	3366	333	0.5623	0.1721	0.0951	-0.8021	1	3	0	1	-145	1	961	0	0	0	1714	704	1499	394	0.7943	0.0445	0.0609	-0.6014	
737756.164794554	0	0	-7	-4	1	-386	-14	980	0	0	0	1937	571	3321	333	0.5604	0.1497	0.1143	-0.8055	1	-2	0	0	-131	-18	947	0	0	0	1864	793	1559	394	0.7966	0.0383	0.0605	-0.5989	
737756.164795281	0	0	0	-3	1	-376	-39	961	0	0	0	1907	631	3231	335	0.5584	0.144	0.1255	-0.8062	1	6	-5	0	-138	-11	971	0	0	0	1714	793	1589	395	0.7946	0.0412	0.0633	-0.6011	
737756.164795825	0	0	2	1	4	-383	25	960	0	0	0	1847	601	3321	334	0.5659	0.1622	0.099	-0.8012	1	1	-1	0	-138	6	945	0	0	0	1669	659	1454	394	0.7944	0.0435	0.0558	-0.6019	
737756.164796362	0	0	-3	0	3	-398	40	954	0	0	0	1847	511	3381	334	0.5668	0.1686	0.0923	-0.8001	1	-3	1	1	-145	-7	958	0	0	0	1684	584	1439	394	0.7902	0.0381	0.0586	-0.6074	
737756.16479676	0	0	-2	0	5	-390	30	951	0	0	0	1787	511	3171	333	0.5673	0.1655	0.0979	-0.7997	1	-5	-1	2	-122	-3	950	0	0	0	1684	704	1469	395	0.7912	0.0399	0.0566	-0.6063	
737756.164797173	0	0	0	-1	4	-401	26	953	0	0	0	1787	661	3321	333	0.5661	0.1701	0.105	-0.7986	1	0	4	-1	-121	-8	990	0	0	0	1624	674	1499	395	0.7909	0.0363	0.0536	-0.6071	
737756.164797715	0	0	-8	-7	3	-397	19	943	0	0	0	1847	571	3471	332	0.5627	0.163	0.0997	-0.8032	1	-3	7	0	-169	7	936	0	0	0	1729	689	1514	394	0.7903	0.0513	0.066	-0.6056	
737756.164798446	0	0	-5	-8	3	-377	4	959	0	0	0	1802	526	3366	333	0.5583	0.1518	0.101	-0.8083	1	-18	2	1	-178	-24	945	0	0	0	1759	808	1514	395	0.792	0.0496	0.0812	-0.6016	
737756.164798985	0	0	0	-1	5	-386	20	968	0	0	0	1862	556	3276	332	0.5608	0.1609	0.1017	-0.8047	1	-8	-3	3	-150	-54	977	0	0	0	1729	778	1364	393	0.7917	0.0281	0.0824	-0.6033	
737756.164799529	0	0	0	-1	4	-388	20	960	0	0	0	1772	616	3306	333	0.5641	0.1618	0.0999	-0.8025	1	7	-2	0	-144	-21	955	0	0	0	1744	704	1409	395	0.796	0.0336	0.0662	-0.5993	
737756.164799943	0	0	-2	-3	5	-390	29	959	0	0	0	1877	601	3291	333	0.5657	0.1658	0.1001	-0.8005	1	7	-2	0	-144	-21	955	0	0	0	1744	704	1409	395	0.796	0.0336	0.0662	-0.5993	
737756.164800341	0	0	-2	-4	3	-390	36	956	0	0	0	1952	526	3276	331	0.566	0.1679	0.0966	-0.8003	1	-13	2	3	-152	-15	934	0	0	0	1744	614	1559	393	0.7896	0.0375	0.0666	-0.6074	
737756.164801068	0	0	-3	-5	3	-379	16	963	0	0	0	1817	631	3321	332	0.5667	0.1568	0.1032	-0.8011	1	-19	-1	3	-151	-20	943	0	0	0	1759	749	1424	393	0.7935	0.0404	0.0715	-0.6016	
737756.164801612	0	0	-3	-5	3	-379	16	963	0	0	0	1817	631	3321	332	0.5667	0.1568	0.1032	-0.8011	1	-19	-1	3	-151	-20	943	0	0	0	1759	749	1424	393	0.7935	0.0404	0.0715	-0.6016	
737756.164802156	0	0	-3	-5	3	-379	16	963	0	0	0	1817	631	3321	332	0.5667	0.1568	0.1032	-0.8011	1	-19	-1	3	-151	-20	943	0	0	0	1759	749	1424	393	0.7935	0.0404	0.0715	-0.6016	
737756.164802699	0	0	-5	-5	6	-369	11	972	0	0	0	1832	676	3276	330	0.5775	0.1528	0.1068	-0.7936	1	7	-7	-2	-128	-81	961	0	0	0	1894	734	1259	393	0.7958	0.006	0.0853	-0.5981	
737756.164803235	0	0	-6	-3	6	-371	29	967	0	0	0	1862	556	3336	332	0.5812	0.1521	0.0918	-0.7929	1	-17	2	0	-151	-44	948	0	0	0	1789	659	1244	392	0.8002	0.0218	0.0801	-0.5925	
737756.164803777	0	0	-8	-6	5	-363	29	963	0	0	0	1907	571	3381	330	0.5806	0.1521	0.0937	-0.7933	1	-26	15	0	-144	-139	946	0	0	0	2044	764	1169	394	0.7962	-0.0006	0.0992	-0.5954	
737756.164804321	0	0	-8	-5	4	-346	23	977	0	0	0	1982	556	3276	332	0.5906	0.1427	0.0944	-0.7875	1	-7	2	-1	-201	-120	931	0	0	0	2119	868	1124	393	0.7945	0.009	0.1232	-0.5931	
737756.164804863	0	0	-8	2	5	-342	-3	979	0	0	0	2012	616	3216	331	0.5919	0.1368	0.1062	-0.786	1	-9	-7	-4	-197	-135	929	0	0	0	1999	838	1184	394	0.7944	0.0067	0.1261	-0.5927	
737756.164805408	0	0	-3	3	8	-362	-3	968	0	0	0	2027	481	3231	330	0.5913	0.138	0.1066	-0.7863	1	0	-17	-4	-140	-170	945	0	0	0	2029	749	1154	394	0.7928	-0.0178	0.1144	-0.5969	
737756.164805801	0	0	-1	3	8	-381	20	967	0	0	0	2012	646	3186	332	0.5908	0.1548	0.1064	-0.7834	1	9	-13	0	-134	-156	937	0	0	0	1984	793	1079	393	0.7957	-0.0205	0.107	-0.5944	
